51
0;6;17;18;0;2;1;0;17;17;12;10;0;0;0;17;0;1;19;17;10;15;11;2;18;1;14;2;6;7;0;5;13;2;9;4;17;2;5;0;4;2;16;6;15;6;15;17;9;17;6
6;0;1;15;19;1;3;0;12;5;0;16;1;10;18;13;9;4;0;17;7;13;12;5;7;5;3;7;11;12;9;10;17;4;17;13;3;6;19;19;13;15;12;4;10;13;4;10;4;19;18
17;1;0;16;10;0;13;8;5;16;1;3;19;0;8;19;7;11;0;16;9;17;6;14;18;6;0;7;12;15;8;3;6;13;0;0;19;2;5;16;16;19;5;0;6;8;15;13;16;6;11
18;15;16;0;8;13;17;10;15;16;18;5;5;19;10;12;11;14;17;18;12;12;0;2;12;19;12;3;9;1;16;11;10;5;5;5;1;15;0;6;1;14;15;17;6;13;11;12;5;5;1
0;19;10;8;0;4;5;2;19;3;16;16;4;5;16;19;11;4;11;11;5;15;7;9;14;16;16;13;1;14;14;6;11;18;16;8;14;9;7;12;10;0;4;16;14;16;7;2;0;2;2
2;1;0;13;4;0;6;16;4;2;2;17;3;4;0;4;7;14;3;2;17;0;18;0;6;11;6;2;0;1;19;17;4;0;19;18;0;14;3;11;9;15;18;17;4;13;6;13;1;5;7
1;3;13;17;5;6;0;11;11;8;5;7;18;10;18;13;14;18;8;12;0;2;4;9;11;10;7;2;11;5;15;0;3;5;4;4;7;17;7;15;1;3;8;10;19;15;1;14;1;18;0
0;0;8;10;2;16;11;0;19;0;8;6;4;6;5;7;0;0;12;14;19;5;7;3;12;10;0;0;19;1;12;7;12;16;3;6;18;0;13;17;10;11;4;16;4;17;17;4;15;15;4
17;12;5;15;19;4;11;19;0;12;3;2;9;4;5;12;14;2;19;3;12;4;16;19;4;3;0;17;0;17;6;7;0;2;8;8;11;19;0;11;9;2;17;9;5;5;6;8;3;10;19
17;5;16;16;3;2;8;0;12;0;7;13;11;10;5;2;16;0;3;9;17;9;14;8;13;13;13;19;8;9;6;0;17;8;11;17;5;16;10;12;0;4;10;16;3;16;17;11;19;19;19
12;0;1;18;16;2;5;8;3;7;0;17;4;1;17;5;16;13;18;4;14;11;1;19;11;2;19;9;0;16;3;16;4;1;7;11;1;7;4;3;7;18;17;14;5;4;14;18;5;1;13
10;16;3;5;16;17;7;6;2;13;17;0;13;11;17;4;7;3;18;9;12;3;6;5;4;6;11;16;3;2;0;5;0;6;10;9;5;9;1;7;16;11;2;7;14;1;14;14;6;6;10
0;1;19;5;4;3;18;4;9;11;4;13;0;14;14;12;15;17;11;5;0;3;6;9;2;1;8;0;19;7;17;5;19;7;18;14;7;9;10;13;10;18;8;16;1;14;15;19;12;11;2
0;10;0;19;5;4;10;6;4;10;1;11;14;0;3;2;10;0;17;19;15;0;10;3;7;7;2;11;17;13;18;0;2;15;0;0;2;14;3;5;0;6;12;13;8;11;14;13;13;12;11
0;18;8;10;16;0;18;5;5;5;17;17;14;3;0;16;14;13;15;12;10;18;7;0;7;1;9;10;19;6;16;10;0;18;12;2;13;0;6;13;9;10;17;11;6;7;6;14;0;7;0
17;13;19;12;19;4;13;7;12;2;5;4;12;2;16;0;19;2;15;6;14;18;10;0;6;4;14;19;4;5;18;8;10;5;0;18;16;19;11;17;1;7;9;19;8;11;19;6;0;0;5
0;9;7;11;11;7;14;0;14;16;16;7;15;10;14;19;0;17;6;0;2;1;19;8;0;2;10;2;5;12;0;3;6;6;11;13;16;14;0;0;16;16;6;7;5;2;10;6;5;3;12
1;4;11;14;4;14;18;0;2;0;13;3;17;0;13;2;17;0;13;12;15;10;4;9;11;6;9;1;10;4;8;13;13;5;4;10;7;11;16;10;10;9;6;13;19;3;12;4;19;16;0
19;0;0;17;11;3;8;12;19;3;18;18;11;17;15;15;6;13;0;7;4;4;0;10;15;13;18;5;18;5;14;5;0;8;16;19;16;4;15;19;15;4;0;0;7;13;8;0;3;17;3
17;17;16;18;11;2;12;14;3;9;4;9;5;19;12;6;0;12;7;0;16;1;17;9;6;15;8;9;9;9;7;4;8;14;19;3;8;16;2;2;14;14;5;0;6;6;2;10;0;19;1
10;7;9;12;5;17;0;19;12;17;14;12;0;15;10;14;2;15;4;16;0;1;18;18;1;12;0;5;17;15;4;2;14;9;9;0;13;7;5;10;9;4;14;18;9;5;18;2;10;10;0
15;13;17;12;15;0;2;5;4;9;11;3;3;0;18;18;1;10;4;1;1;0;18;7;18;2;0;9;12;5;13;11;11;10;2;14;17;17;2;1;7;15;4;1;0;18;19;1;16;8;17
11;12;6;0;7;18;4;7;16;14;1;6;6;10;7;10;19;4;0;17;18;18;0;16;8;2;18;4;5;2;7;18;0;8;12;7;18;2;3;14;14;5;12;0;14;6;13;18;11;18;14
2;5;14;2;9;0;9;3;19;8;19;5;9;3;0;0;8;9;10;9;18;7;16;0;15;4;10;19;1;17;9;9;14;19;17;12;13;10;12;11;14;19;9;0;14;0;1;11;2;5;16
18;7;18;12;14;6;11;12;4;13;11;4;2;7;7;6;0;11;15;6;1;18;8;15;0;10;17;7;4;14;12;15;7;10;13;2;5;11;0;1;1;0;17;12;11;2;6;15;0;19;11
1;5;6;19;16;11;10;10;3;13;2;6;1;7;1;4;2;6;13;15;12;2;2;4;10;0;1;9;1;12;11;15;9;15;2;7;8;9;6;5;10;0;18;11;11;2;7;7;11;2;5
14;3;0;12;16;6;7;0;0;13;19;11;8;2;9;14;10;9;18;8;0;0;18;10;17;1;0;5;11;8;19;4;5;1;17;3;3;11;0;13;9;17;12;15;15;16;14;6;19;15;0
2;7;7;3;13;2;2;0;17;19;9;16;0;11;10;19;2;1;5;9;5;9;4;19;7;9;5;0;7;12;14;9;7;6;9;6;17;16;4;9;5;17;18;4;16;6;10;8;18;16;18
6;11;12;9;1;0;11;19;0;8;0;3;19;17;19;4;5;10;18;9;17;12;5;1;4;1;11;7;0;10;16;13;0;18;19;8;2;0;18;16;17;5;10;3;12;8;10;0;5;0;13
7;12;15;1;14;1;5;1;17;9;16;2;7;13;6;5;12;4;5;9;15;5;2;17;14;12;8;12;10;0;13;0;12;7;2;12;12;15;18;2;12;11;17;12;12;9;19;3;12;17;19
0;9;8;16;14;19;15;12;6;6;3;0;17;18;16;18;0;8;14;7;4;13;7;9;12;11;19;14;16;13;0;6;17;0;16;1;6;18;7;7;13;15;8;2;3;0;13;4;6;13;0
5;10;3;11;6;17;0;7;7;0;16;5;5;0;10;8;3;13;5;4;2;11;18;9;15;15;4;9;13;0;6;0;10;10;0;6;1;13;11;8;13;15;8;0;15;3;13;15;10;0;0
13;17;6;10;11;4;3;12;0;17;4;0;19;2;0;10;6;13;0;8;14;11;0;14;7;9;5;7;0;12;17;10;0;12;1;0;3;19;0;0;0;2;17;3;12;3;2;0;18;1;15
2;4;13;5;18;0;5;16;2;8;1;6;7;15;18;5;6;5;8;14;9;10;8;19;10;15;1;6;18;7;0;10;12;0;12;6;11;1;0;15;9;12;17;13;10;0;0;15;6;5;7
9;17;0;5;16;19;4;3;8;11;7;10;18;0;12;0;11;4;16;19;9;2;12;17;13;2;17;9;19;2;16;0;1;12;0;19;8;14;1;14;3;15;7;16;19;11;0;13;3;3;6
4;13;0;5;8;18;4;6;8;17;11;9;14;0;2;18;13;10;19;3;0;14;7;12;2;7;3;6;8;12;1;6;0;6;19;0;14;17;0;15;3;11;8;3;6;16;4;0;11;5;13
17;3;19;1;14;0;7;18;11;5;1;5;7;2;13;16;16;7;16;8;13;17;18;13;5;8;3;17;2;12;6;1;3;11;8;14;0;15;15;0;17;4;19;2;12;5;8;3;9;18;19
2;6;2;15;9;14;17;0;19;16;7;9;9;14;0;19;14;11;4;16;7;17;2;10;11;9;11;16;0;15;18;13;19;1;14;17;15;0;10;0;5;2;1;18;16;5;4;18;18;18;18
5;19;5;0;7;3;7;13;0;10;4;1;10;3;6;11;0;16;15;2;5;2;3;12;0;6;0;4;18;18;7;11;0;0;1;0;15;10;0;15;1;0;0;7;16;16;12;11;18;7;0
0;19;16;6;12;11;15;17;11;12;3;7;13;5;13;17;0;10;19;2;10;1;14;11;1;5;13;9;16;2;7;8;0;15;14;15;0;0;15;0;5;15;5;18;3;7;8;2;14;18;17
4;13;16;1;10;9;1;10;9;0;7;16;10;0;9;1;16;10;15;14;9;7;14;14;1;10;9;5;17;12;13;13;0;9;3;3;17;5;1;5;0;4;12;8;9;4;0;13;2;0;2
2;15;19;14;0;15;3;11;2;4;18;11;18;6;10;7;16;9;4;14;4;15;5;19;0;0;17;17;5;11;15;15;2;12;15;11;4;2;0;15;4;0;18;17;17;10;13;2;11;16;8
16;12;5;15;4;18;8;4;17;10;17;2;8;12;17;9;6;6;0;5;14;4;12;9;17;18;12;18;10;17;8;8;17;17;7;8;19;1;0;5;12;18;0;1;11;15;17;12;2;8;15
6;4;0;17;16;17;10;16;9;16;14;7;16;13;11;19;7;13;0;0;18;1;0;0;12;11;15;4;3;12;2;0;3;13;16;3;2;18;7;18;8;17;1;0;14;12;2;4;10;5;19
15;10;6;6;14;4;19;4;5;3;5;14;1;8;6;8;5;19;7;6;9;0;14;14;11;11;15;16;12;12;3;15;12;10;19;6;12;16;16;3;9;17;11;14;0;12;0;14;7;18;17
6;13;8;13;16;13;15;17;5;16;4;1;14;11;7;11;2;3;13;6;5;18;6;0;2;2;16;6;8;9;0;3;3;0;11;16;5;5;16;7;4;10;15;12;12;0;7;3;18;0;12
15;4;15;11;7;6;1;17;6;17;14;14;15;14;6;19;10;12;8;2;18;19;13;1;6;7;14;10;10;19;13;13;2;0;0;4;8;4;12;8;0;13;17;2;0;7;0;18;8;1;17
17;10;13;12;2;13;14;4;8;11;18;14;19;13;14;6;6;4;0;10;2;1;18;11;15;7;6;8;0;3;4;15;0;15;13;0;3;18;11;2;13;2;12;4;14;3;18;0;11;9;12
9;4;16;5;0;1;1;15;3;19;5;6;12;13;0;0;5;19;3;0;10;16;11;2;0;11;19;18;5;12;6;10;18;6;3;11;9;18;18;14;2;11;2;10;7;18;8;11;0;0;15
17;19;6;5;2;5;18;15;10;19;1;6;11;12;7;0;3;16;17;19;10;8;18;5;19;2;15;16;0;17;13;0;1;5;3;5;18;18;7;18;0;16;8;5;18;0;1;9;0;0;5
6;18;11;1;2;7;0;4;19;19;13;10;2;11;0;5;12;0;3;1;0;17;14;16;11;5;0;18;13;19;0;0;15;7;6;13;19;18;0;17;2;8;15;19;17;12;17;12;15;5;0
