51
0;14;3;9;0;11;0;0;0;0;7;5;17;3;15;6;0;1;0;17;10;19;9;0;0;0;16;0;0;0;18;9;9;6;1;6;0;0;17;15;0;8;7;8;19;0;0;6;3;2;0
14;0;9;0;6;12;4;0;16;9;0;2;4;14;17;19;0;0;0;6;0;10;7;14;0;0;9;5;2;18;17;0;13;0;17;7;0;0;0;0;8;8;6;13;0;14;0;2;13;0;2
3;9;0;2;9;14;0;17;6;0;0;0;1;16;0;0;4;0;15;10;0;12;10;6;1;0;18;0;0;0;6;6;11;6;15;0;0;18;0;17;19;9;0;0;6;9;6;0;0;0;10
9;0;2;0;7;0;17;11;11;0;0;12;2;8;7;11;0;0;6;3;13;17;10;7;3;19;1;7;10;3;18;0;7;0;0;18;0;14;10;0;11;10;0;14;5;11;0;0;19;7;0
0;6;9;7;0;18;18;1;5;0;0;17;0;0;12;0;8;0;0;0;18;15;0;5;0;17;0;0;0;0;1;8;3;8;10;8;0;11;6;19;10;0;11;5;0;5;14;4;0;1;16
11;12;14;0;18;0;14;5;2;18;15;0;0;2;0;0;8;0;0;5;0;10;4;0;4;0;0;18;16;6;4;7;0;0;0;0;5;5;0;2;2;7;15;12;9;8;7;17;17;0;14
0;4;0;17;18;14;0;0;12;0;7;0;5;7;0;2;0;0;0;9;1;5;9;7;0;17;0;0;19;0;11;0;3;16;0;0;5;13;0;0;3;0;12;10;8;0;16;3;0;16;0
0;0;17;11;1;5;0;0;12;0;2;9;0;1;8;0;3;14;17;16;0;4;0;16;0;5;16;16;0;9;0;11;0;0;13;7;13;0;15;0;17;6;12;0;6;14;0;0;1;17;0
0;16;6;11;5;2;12;12;0;0;17;14;10;6;0;0;0;5;11;17;12;8;0;8;7;14;16;0;7;13;10;8;7;12;3;0;0;0;13;10;0;0;0;6;5;14;12;5;5;15;3
0;9;0;0;0;18;0;0;0;0;0;4;0;8;9;18;8;19;0;0;0;0;3;0;0;0;0;9;12;0;0;0;12;0;0;12;1;15;0;13;0;14;14;5;0;0;7;14;4;10;1
7;0;0;0;0;15;7;2;17;0;0;0;0;0;0;9;19;0;0;6;6;13;0;6;0;4;0;13;16;7;0;3;14;8;0;15;11;0;0;4;11;0;7;1;18;2;0;9;0;9;12
5;2;0;12;17;0;0;9;14;4;0;0;1;3;0;10;0;0;12;18;0;12;0;0;15;2;0;0;16;19;17;0;18;0;17;8;1;16;18;0;0;11;0;19;15;0;13;8;0;0;4
17;4;1;2;0;0;5;0;10;0;0;1;0;10;0;1;2;7;0;0;0;0;0;4;14;4;8;5;0;19;6;0;2;0;0;10;0;18;0;0;5;7;14;0;18;12;0;0;2;0;0
3;14;16;8;0;2;7;1;6;8;0;3;10;0;0;0;3;0;0;0;9;0;2;12;0;0;7;19;1;11;14;7;0;0;10;0;2;4;11;0;7;13;5;11;11;12;1;0;13;12;0
15;17;0;7;12;0;0;8;0;9;0;0;0;0;0;0;0;0;15;0;17;10;9;0;17;14;0;0;0;8;14;12;15;0;0;0;11;14;0;19;4;5;17;14;0;16;0;3;11;19;0
6;19;0;11;0;0;2;0;0;18;9;10;1;0;0;0;0;0;0;15;8;0;0;0;12;0;14;10;1;18;0;17;1;19;0;9;16;0;14;1;13;15;0;0;0;12;13;0;0;0;0
0;0;4;0;8;8;0;3;0;8;19;0;2;3;0;0;0;14;0;0;0;16;7;16;7;2;19;0;0;0;13;17;16;0;0;2;0;19;6;13;4;0;19;4;6;0;0;1;0;11;1
1;0;0;0;0;0;0;14;5;19;0;0;7;0;0;0;14;0;4;14;0;0;5;19;0;16;16;0;0;9;5;7;0;0;11;0;0;6;1;17;17;19;2;17;9;0;16;16;8;0;0
0;0;15;6;0;0;0;17;11;0;0;12;0;0;15;0;0;4;0;16;0;5;17;7;0;0;6;3;0;19;11;0;7;0;19;2;0;0;2;5;18;13;3;0;15;6;12;0;16;0;0
17;6;10;3;0;5;9;16;17;0;6;18;0;0;0;15;0;14;16;0;1;12;0;0;12;0;9;0;0;12;4;1;4;0;0;16;5;17;10;9;19;0;6;0;10;0;0;10;0;0;16
10;0;0;13;18;0;1;0;12;0;6;0;0;9;17;8;0;0;0;1;0;16;10;0;14;12;0;0;16;8;0;11;1;8;8;11;0;0;17;0;19;0;12;0;13;0;16;0;0;0;16
19;10;12;17;15;10;5;4;8;0;13;12;0;0;10;0;16;0;5;12;16;0;12;0;16;2;0;19;0;0;10;3;14;12;9;15;0;1;15;8;16;3;0;5;0;11;0;10;0;8;0
9;7;10;10;0;4;9;0;0;3;0;0;0;2;9;0;7;5;17;0;10;12;0;0;13;4;0;0;13;0;0;4;14;16;0;0;8;9;17;16;0;16;19;0;0;1;17;0;3;14;13
0;14;6;7;5;0;7;16;8;0;6;0;4;12;0;0;16;19;7;0;0;0;0;0;5;10;0;16;0;17;6;16;6;3;8;17;0;9;9;11;7;16;0;12;0;0;13;4;10;7;0
0;0;1;3;0;4;0;0;7;0;0;15;14;0;17;12;7;0;0;12;14;16;13;5;0;2;1;3;2;0;12;0;0;4;17;0;0;2;0;10;10;15;0;4;0;0;5;7;0;12;16
0;0;0;19;17;0;17;5;14;0;4;2;4;0;14;0;2;16;0;0;12;2;4;10;2;0;11;10;0;16;14;12;0;0;18;4;0;14;2;9;0;18;3;10;9;0;18;14;0;4;3
16;9;18;1;0;0;0;16;16;0;0;0;8;7;0;14;19;16;6;9;0;0;0;0;1;11;0;0;14;0;1;0;0;2;18;7;5;1;1;8;0;15;0;19;0;13;0;9;14;0;3
0;5;0;7;0;18;0;16;0;9;13;0;5;19;0;10;0;0;3;0;0;19;0;16;3;10;0;0;11;10;8;14;1;18;0;0;0;10;0;17;10;0;0;17;0;11;19;2;0;0;9
0;2;0;10;0;16;19;0;7;12;16;16;0;1;0;1;0;0;0;0;16;0;13;0;2;0;14;11;0;11;1;8;13;11;0;0;1;2;0;0;1;15;9;0;0;0;0;6;0;17;6
0;18;0;3;0;6;0;9;13;0;7;19;19;11;8;18;0;9;19;12;8;0;0;17;0;16;0;10;11;0;17;0;0;6;13;11;16;9;0;0;0;0;0;17;10;15;11;14;1;10;0
18;17;6;18;1;4;11;0;10;0;0;17;6;14;14;0;13;5;11;4;0;10;0;6;12;14;1;8;1;17;0;0;5;0;0;0;16;6;13;0;0;0;0;0;6;0;7;0;14;1;0
9;0;6;0;8;7;0;11;8;0;3;0;0;7;12;17;17;7;0;1;11;3;4;16;0;12;0;14;8;0;0;0;0;0;18;0;4;9;0;0;19;15;8;10;9;0;4;4;13;1;0
9;13;11;7;3;0;3;0;7;12;14;18;2;0;15;1;16;0;7;4;1;14;14;6;0;0;0;1;13;0;5;0;0;1;1;10;5;0;0;0;4;0;0;4;0;11;15;17;16;2;0
6;0;6;0;8;0;16;0;12;0;8;0;0;0;0;19;0;0;0;0;8;12;16;3;4;0;2;18;11;6;0;0;1;0;19;19;8;0;6;15;0;6;0;4;18;14;0;0;0;12;3
1;17;15;0;10;0;0;13;3;0;0;17;0;10;0;0;0;11;19;0;8;9;0;8;17;18;18;0;0;13;0;18;1;19;0;19;0;19;5;0;0;12;15;4;0;10;5;13;18;0;1
6;7;0;18;8;0;0;7;0;12;15;8;10;0;0;9;2;0;2;16;11;15;0;17;0;4;7;0;0;11;0;0;10;19;19;0;0;0;2;0;12;9;11;7;0;10;2;7;0;0;0
0;0;0;0;0;5;5;13;0;1;11;1;0;2;11;16;0;0;0;5;0;0;8;0;0;0;5;0;1;16;16;4;5;8;0;0;0;0;2;18;10;17;2;7;19;5;10;1;0;6;1
0;0;18;14;11;5;13;0;0;15;0;16;18;4;14;0;19;6;0;17;0;1;9;9;2;14;1;10;2;9;6;9;0;0;19;0;0;0;0;0;1;2;16;0;0;0;11;8;0;0;15
17;0;0;10;6;0;0;15;13;0;0;18;0;11;0;14;6;1;2;10;17;15;17;9;0;2;1;0;0;0;13;0;0;6;5;2;2;0;0;0;17;5;0;0;0;0;0;9;4;6;7
15;0;17;0;19;2;0;0;10;13;4;0;0;0;19;1;13;17;5;9;0;8;16;11;10;9;8;17;0;0;0;0;0;15;0;0;18;0;0;0;0;15;4;13;0;0;12;3;0;0;0
0;8;19;11;10;2;3;17;0;0;11;0;5;7;4;13;4;17;18;19;19;16;0;7;10;0;0;10;1;0;0;19;4;0;0;12;10;1;17;0;0;17;7;11;3;0;2;0;7;0;0
8;8;9;10;0;7;0;6;0;14;0;11;7;13;5;15;0;19;13;0;0;3;16;16;15;18;15;0;15;0;0;15;0;6;12;9;17;2;5;15;17;0;17;0;8;0;0;18;0;14;10
7;6;0;0;11;15;12;12;0;14;7;0;14;5;17;0;19;2;3;6;12;0;19;0;0;3;0;0;9;0;0;8;0;0;15;11;2;16;0;4;7;17;0;16;9;0;0;5;6;0;8
8;13;0;14;5;12;10;0;6;5;1;19;0;11;14;0;4;17;0;0;0;5;0;12;4;10;19;17;0;17;0;10;4;4;4;7;7;0;0;13;11;0;16;0;0;0;0;0;0;1;10
19;0;6;5;0;9;8;6;5;0;18;15;18;11;0;0;6;9;15;10;13;0;0;0;0;9;0;0;0;10;6;9;0;18;0;0;19;0;0;0;3;8;9;0;0;13;17;0;0;8;3
0;14;9;11;5;8;0;14;14;0;2;0;12;12;16;12;0;0;6;0;0;11;1;0;0;0;13;11;0;15;0;0;11;14;10;10;5;0;0;0;0;0;0;0;13;0;0;0;8;10;9
0;0;6;0;14;7;16;0;12;7;0;13;0;1;0;13;0;16;12;0;16;0;17;13;5;18;0;19;0;11;7;4;15;0;5;2;10;11;0;12;2;0;0;0;17;0;0;0;18;9;3
6;2;0;0;4;17;3;0;5;14;9;8;0;0;3;0;1;16;0;10;0;10;0;4;7;14;9;2;6;14;0;4;17;0;13;7;1;8;9;3;0;18;5;0;0;0;0;0;2;5;3
3;13;0;19;0;17;0;1;5;4;0;0;2;13;11;0;0;8;16;0;0;0;3;10;0;0;14;0;0;1;14;13;16;0;18;0;0;0;4;0;7;0;6;0;0;8;18;2;0;0;0
2;0;0;7;1;0;16;17;15;10;9;0;0;12;19;0;11;0;0;0;0;8;14;7;12;4;0;0;17;10;1;1;2;12;0;0;6;0;6;0;0;14;0;1;8;10;9;5;0;0;0
0;2;10;0;16;14;0;0;3;1;12;4;0;0;0;0;1;0;0;16;16;0;13;0;16;3;3;9;6;0;0;0;0;3;1;0;1;15;7;0;0;10;8;10;3;9;3;3;0;0;0
