201
0;18;0;0;0;0;0;0;13;0;0;0;10;16;0;12;0;10;12;0;0;0;5;4;0;0;0;0;0;16;0;14;12;14;16;0;0;0;0;0;0;16;0;4;7;17;19;0;0;0;0;0;0;8;15;0;1;0;6;0;0;0;11;0;0;8;0;0;0;5;0;13;6;0;0;0;0;0;0;0;0;0;12;0;10;18;0;0;0;0;0;0;6;0;0;7;3;15;7;0;0;0;0;0;0;6;0;0;0;0;0;0;5;12;0;0;7;0;7;0;0;0;0;0;0;0;0;0;0;0;0;0;0;0;0;0;12;0;0;5;16;0;0;0;0;0;0;0;0;12;3;0;0;0;17;3;0;0;0;0;0;0;0;0;0;0;2;0;0;0;0;0;9;0;18;0;0;0;9;2;1;12;18;2;0;6;4;0;0;0;0;0;0;0;0;0;0;2;0;0;0
18;0;0;0;0;0;0;0;13;0;0;0;0;11;0;0;5;1;0;0;0;0;0;3;0;6;11;0;0;0;5;14;13;15;0;4;0;0;0;0;0;0;0;0;0;0;17;2;0;0;0;0;13;1;0;0;3;0;0;0;0;0;0;0;3;0;7;0;0;0;0;0;16;9;0;14;0;0;0;0;7;0;0;0;0;1;0;0;0;0;15;0;0;0;12;0;10;0;0;0;0;13;0;0;0;0;0;0;0;0;17;13;13;0;3;0;0;3;0;0;17;19;0;5;0;1;0;17;0;1;0;12;0;0;0;0;13;7;0;0;0;0;0;0;0;0;0;0;0;9;0;0;14;0;0;2;0;6;14;0;6;0;0;0;0;0;0;16;12;15;0;0;0;0;8;15;0;0;0;0;0;0;0;17;6;0;10;0;0;14;0;0;0;0;16;0;0;0;0;0;0
0;0;0;19;17;14;0;0;7;0;0;0;0;6;0;0;0;0;17;0;0;0;5;0;0;12;0;15;16;2;17;0;0;0;0;0;0;6;0;19;0;0;0;8;0;11;11;17;4;0;11;0;0;0;19;10;0;8;0;0;16;0;10;7;0;0;0;0;0;0;0;0;0;9;0;0;5;0;0;0;0;4;0;0;0;0;17;0;0;3;9;0;0;5;0;0;0;0;0;0;2;12;0;11;6;0;0;18;0;0;11;0;6;0;0;8;2;0;0;0;0;0;9;0;0;0;15;0;0;4;0;12;0;0;0;0;19;0;0;0;0;0;9;8;0;15;0;8;0;0;0;0;6;0;8;0;0;0;0;7;0;0;4;0;0;0;0;0;0;10;5;16;0;0;0;19;0;4;0;0;0;0;0;0;0;0;0;10;16;0;0;0;0;0;18;0;1;0;0;0;0
0;0;19;0;4;0;0;17;0;0;0;0;0;0;0;0;0;0;0;0;1;0;0;0;0;14;0;0;0;0;14;9;0;3;9;0;0;0;0;12;0;7;0;0;0;13;0;0;0;0;8;0;18;1;0;0;0;0;0;10;0;0;15;0;0;0;0;0;19;0;0;0;0;14;0;0;0;0;0;0;1;18;0;0;0;0;13;0;0;0;0;0;0;0;16;0;0;0;1;0;9;13;12;7;9;13;4;0;0;0;0;7;0;0;0;0;0;0;0;0;0;0;0;0;0;17;0;0;0;0;0;12;0;3;12;1;10;0;0;0;16;0;0;0;13;2;17;0;5;0;0;0;0;17;15;0;0;11;0;9;0;0;2;0;0;12;0;0;0;0;0;0;0;0;0;6;0;9;0;0;1;7;0;0;17;0;17;16;0;16;0;0;0;5;3;0;19;0;16;0;0
0;0;17;4;0;7;0;0;10;13;0;0;3;17;0;0;9;0;0;8;0;0;8;0;4;0;0;0;0;0;0;6;0;0;6;16;9;0;0;0;0;17;0;4;0;0;0;6;0;1;0;0;0;0;0;0;0;18;5;7;2;18;0;0;0;0;0;15;0;0;11;0;0;0;0;0;0;0;2;0;0;0;0;7;0;0;0;0;4;6;0;0;0;0;1;0;8;0;0;0;3;14;0;0;9;0;0;0;0;0;7;0;3;0;0;0;0;0;6;0;0;0;4;3;7;8;5;0;0;0;0;9;0;0;0;0;0;0;14;0;3;0;0;9;16;0;10;0;0;0;0;12;6;0;0;0;19;0;0;0;0;0;0;0;4;1;0;0;0;0;12;0;0;1;0;0;0;0;18;5;0;0;0;0;0;0;12;14;0;0;0;0;0;0;0;8;0;0;0;0;0
0;0;14;0;7;0;0;9;3;0;19;1;8;0;6;0;0;0;0;0;0;0;0;0;0;0;0;0;0;0;0;0;0;0;0;4;0;0;0;0;0;0;0;0;0;3;0;0;0;0;0;1;0;0;0;15;0;0;0;10;0;0;0;0;12;0;7;12;0;0;16;14;0;16;1;0;0;0;4;5;0;0;0;0;0;0;15;19;0;6;0;17;0;0;0;0;14;0;0;0;7;0;0;5;0;14;0;0;0;0;0;12;8;0;3;0;19;0;0;0;0;1;0;0;1;0;0;0;12;0;0;4;0;4;0;0;0;0;18;6;0;0;0;0;10;1;0;0;0;0;18;0;0;0;0;0;6;0;0;0;0;11;0;11;0;0;0;0;5;0;0;0;6;0;0;0;0;17;5;0;0;0;0;4;10;10;18;0;0;0;0;0;0;0;0;4;0;0;0;0;0
0;0;0;0;0;0;0;13;12;0;0;0;18;0;0;0;0;0;8;0;0;0;0;0;0;1;10;0;0;0;0;11;0;0;8;0;7;3;9;5;13;0;0;8;0;11;3;7;0;0;0;0;0;0;0;0;0;0;7;0;8;12;11;12;0;0;0;0;0;10;0;17;0;0;0;0;8;0;9;16;0;2;0;0;0;0;0;0;13;0;0;0;0;5;0;0;0;0;0;0;18;0;0;0;0;0;1;0;14;0;0;0;13;0;0;17;0;0;0;0;0;19;0;0;0;0;0;4;0;0;0;0;0;12;0;14;0;0;0;0;0;0;0;0;11;0;0;0;1;0;0;0;0;7;8;14;4;0;0;0;0;0;19;2;5;0;0;7;6;7;0;0;0;5;10;0;0;0;16;1;0;0;0;0;0;0;0;0;11;0;0;0;7;0;0;0;0;14;0;0;0
0;0;0;17;0;9;13;0;0;5;0;9;0;0;0;17;17;0;16;0;0;0;0;0;12;1;7;0;0;0;0;5;12;0;0;0;4;10;0;0;0;0;0;0;0;16;1;0;2;0;6;12;0;0;0;0;1;5;11;0;16;0;16;0;6;0;0;12;0;3;0;2;0;0;6;0;12;0;18;17;17;0;0;0;14;16;8;0;0;0;0;9;6;0;0;0;0;0;0;0;14;13;4;0;11;0;0;15;0;0;1;0;0;0;0;19;0;5;0;0;0;0;0;0;0;0;0;0;0;6;1;13;0;0;0;0;9;10;11;2;4;0;2;0;0;0;0;0;0;0;0;13;0;12;9;0;0;0;0;0;9;0;0;3;0;0;6;0;0;15;0;0;0;0;0;0;0;0;2;0;0;0;0;0;0;0;0;3;0;0;1;0;7;0;0;0;0;0;0;0;0
13;13;7;0;10;3;12;0;0;4;0;0;0;0;8;0;0;0;0;0;0;19;0;0;0;0;0;0;6;0;7;0;0;0;0;0;0;0;12;0;0;11;0;15;0;0;4;0;0;0;0;0;18;0;0;0;0;0;0;0;0;0;0;0;0;12;14;9;0;5;16;12;0;0;0;0;0;0;0;0;3;18;0;0;0;17;0;0;0;0;0;0;0;0;0;14;7;0;0;0;0;0;11;9;0;12;0;0;0;0;0;0;0;0;0;0;0;19;12;0;0;0;0;0;0;0;18;0;16;1;0;0;0;0;2;0;15;0;0;0;0;0;0;0;0;9;0;0;0;0;12;0;0;7;0;0;0;0;0;0;0;4;0;0;18;0;0;7;0;0;6;14;0;0;0;6;0;0;0;0;0;0;0;3;0;0;16;0;0;0;0;0;0;13;17;0;0;18;8;0;0
0;0;0;0;13;0;0;5;4;0;0;0;0;0;0;0;0;4;0;0;0;0;0;14;15;0;14;0;0;16;0;14;0;0;1;16;16;4;15;0;0;8;0;0;5;0;8;0;3;0;0;13;0;0;0;0;0;0;1;0;7;0;0;17;0;0;8;0;0;0;0;3;12;8;0;0;0;0;0;0;0;0;6;3;0;0;11;0;0;0;13;0;0;0;0;0;0;0;0;0;0;18;0;0;0;0;0;0;0;0;17;0;0;0;0;0;0;0;0;9;14;0;0;17;0;4;13;0;1;0;10;0;0;0;0;0;0;18;6;0;0;0;0;1;0;0;0;7;0;3;0;0;0;0;7;7;0;0;0;0;0;0;13;17;0;12;0;0;0;0;0;0;0;0;0;0;16;0;12;0;0;0;0;0;13;0;0;0;0;0;0;0;14;0;13;0;0;10;7;9;0
0;0;0;0;0;19;0;0;0;0;0;5;0;0;12;0;0;0;18;16;0;8;0;9;0;18;0;16;19;0;0;0;0;0;0;16;0;4;16;0;19;0;4;0;0;0;0;0;0;3;0;3;0;0;0;0;9;1;0;0;0;8;0;0;0;7;0;0;0;18;0;0;0;11;0;0;0;10;0;0;6;0;0;0;0;0;0;0;0;0;6;0;0;0;0;0;18;9;5;0;0;0;0;0;0;0;0;0;0;10;4;0;15;13;7;10;0;0;0;0;0;0;0;15;0;0;16;6;0;0;0;0;0;7;9;1;15;0;0;5;0;6;12;0;1;4;12;0;0;0;0;0;16;19;0;0;14;14;0;0;0;0;0;11;0;0;0;0;1;0;0;0;0;0;0;0;0;0;11;0;0;0;0;0;0;0;0;0;0;0;0;3;7;0;0;0;0;0;0;0;0
0;0;0;0;0;1;0;9;0;0;5;0;0;5;5;0;0;0;0;12;0;0;0;0;0;0;0;19;0;11;2;0;5;2;0;0;16;0;14;2;17;0;0;0;0;0;0;5;0;0;0;0;8;10;0;0;3;0;0;0;0;0;5;0;0;7;0;0;0;0;0;0;10;0;0;0;16;0;0;0;0;19;0;0;0;0;0;0;0;2;7;12;0;19;0;7;11;17;8;0;0;12;19;9;0;0;14;0;0;0;0;0;4;0;17;0;0;13;0;0;0;6;3;6;0;0;0;0;0;0;15;18;0;4;2;0;0;0;10;18;0;0;1;0;14;0;0;0;0;14;0;0;0;1;2;0;0;0;5;0;0;0;0;4;10;0;0;15;14;0;0;17;0;0;0;0;14;7;0;19;11;0;0;7;0;13;0;0;0;0;0;0;0;0;0;0;0;0;0;0;0
10;0;0;0;3;8;18;0;0;0;0;0;0;0;0;0;0;0;0;0;0;13;18;0;14;0;0;0;0;0;0;8;19;0;0;13;11;0;19;0;0;8;1;15;6;0;0;18;0;0;7;0;0;0;16;0;0;0;0;0;0;14;0;0;5;7;0;0;0;0;8;0;0;0;0;0;0;1;0;0;16;0;0;0;3;0;3;0;0;13;0;11;1;0;4;0;0;0;13;0;17;0;0;0;0;0;0;0;0;0;0;0;0;9;16;7;2;9;0;0;0;0;5;8;0;4;7;9;0;0;0;7;0;0;0;11;0;1;0;0;15;5;0;7;0;0;0;0;0;0;11;0;0;0;0;0;15;0;0;0;0;19;0;0;9;0;0;0;0;2;0;2;15;11;0;0;0;0;16;0;0;0;0;4;0;4;0;1;0;0;0;0;0;0;7;0;0;7;0;10;0
16;11;6;0;17;0;0;0;0;0;0;5;0;0;0;0;0;0;0;16;0;0;0;0;0;14;0;18;0;7;0;0;0;1;0;0;9;0;4;0;17;0;0;0;0;0;13;0;0;0;6;0;0;5;16;2;0;0;14;15;0;6;0;2;4;0;0;0;0;0;0;0;13;16;0;0;0;19;0;19;0;0;13;0;11;0;0;0;8;0;0;13;0;15;15;10;0;0;0;0;0;0;0;0;18;0;0;16;16;0;0;0;0;4;0;0;0;11;8;19;7;11;0;0;15;0;0;0;15;0;0;0;15;10;0;0;13;0;13;0;0;4;0;0;8;0;0;3;0;0;0;0;0;0;10;12;0;0;1;0;0;0;14;0;0;0;16;0;1;0;11;0;0;0;12;0;4;4;0;0;0;0;4;0;0;0;12;0;0;0;0;0;0;0;0;0;0;0;0;0;0
0;0;0;0;0;6;0;0;8;0;12;5;0;0;0;0;0;0;5;19;0;15;1;15;0;0;14;0;0;0;11;7;0;0;0;0;1;0;0;6;0;8;0;18;13;0;0;11;0;0;10;0;0;0;0;7;0;2;0;0;19;0;0;0;9;5;0;0;0;0;13;8;0;0;0;0;0;0;0;10;0;0;0;0;3;9;0;0;0;0;0;5;0;11;0;8;0;2;0;0;0;0;0;0;0;0;0;0;18;0;0;0;4;0;0;10;0;0;0;0;5;0;0;0;0;13;0;6;0;15;0;0;0;0;8;0;3;0;0;0;0;0;2;0;16;0;3;13;2;0;15;0;0;5;0;0;15;0;0;0;0;11;6;0;0;13;0;0;0;0;5;19;17;0;0;0;14;0;0;10;0;0;0;0;15;0;0;0;0;18;0;0;0;19;4;0;0;0;0;0;0
12;0;0;0;0;0;0;17;0;0;0;0;0;0;0;0;19;0;0;0;0;18;0;0;3;0;0;0;12;0;0;17;17;7;0;0;17;16;0;0;0;5;0;18;9;0;19;0;14;0;0;0;6;12;0;0;0;8;14;0;0;14;9;7;0;0;0;8;0;2;0;0;0;8;1;0;0;0;8;0;0;0;17;12;3;9;4;10;0;0;0;0;9;0;0;16;0;0;0;0;0;0;0;1;0;8;0;0;0;0;0;9;2;0;0;0;0;1;0;0;7;15;10;0;0;0;0;0;0;8;10;0;16;7;0;0;1;17;0;0;0;0;0;0;0;0;0;0;0;0;0;0;0;0;0;0;7;0;0;0;0;7;6;0;15;7;9;0;0;0;5;14;0;4;0;0;0;0;0;11;1;8;0;10;14;0;0;4;0;0;0;13;16;5;0;19;0;8;0;0;0
0;5;0;0;9;0;0;17;0;0;0;0;0;0;0;19;0;0;0;0;9;0;0;0;0;0;0;0;0;0;0;0;8;0;0;0;0;16;0;0;0;14;5;0;0;0;0;0;0;0;15;0;0;14;0;0;0;0;17;0;0;0;0;0;0;0;0;0;0;0;0;1;0;0;0;0;0;0;0;17;0;0;0;0;12;0;0;0;0;0;0;7;13;0;0;0;0;0;0;0;10;0;0;0;0;0;0;9;1;12;0;13;0;0;0;0;0;16;0;0;0;0;0;15;0;13;0;0;15;0;15;0;0;9;0;1;0;0;0;0;0;2;19;0;7;19;15;0;0;0;0;1;0;0;0;0;0;0;0;2;0;0;0;0;0;0;0;8;0;0;18;0;15;0;0;0;0;2;17;0;0;18;0;0;0;4;0;0;0;4;0;14;0;0;14;0;0;0;0;0;16
10;1;0;0;0;0;0;0;0;4;0;0;0;0;0;0;0;0;0;0;0;11;11;0;0;18;0;6;0;0;0;15;13;13;10;0;8;0;12;0;0;1;0;16;0;0;0;0;0;19;0;0;0;0;0;0;0;6;18;13;12;0;0;0;0;0;9;0;0;10;0;0;1;14;2;0;7;0;0;0;5;2;11;2;5;8;6;0;19;0;2;19;0;14;0;0;0;0;0;13;0;0;12;0;7;0;14;19;16;0;0;16;2;0;0;0;0;0;0;0;8;0;14;0;0;0;0;0;0;12;0;5;0;0;0;0;15;0;15;3;19;6;0;7;1;0;15;0;0;0;17;10;19;12;0;0;0;16;0;0;0;4;0;0;0;0;1;0;5;12;0;0;0;0;16;0;0;0;13;0;0;0;0;0;11;4;14;0;0;13;0;13;0;0;0;0;15;0;0;0;0
12;0;17;0;0;0;8;16;0;0;18;0;0;0;5;0;0;0;0;0;0;0;10;0;0;0;11;0;19;0;16;15;0;0;4;0;0;0;1;0;0;17;8;0;0;0;15;0;0;10;18;8;0;0;0;0;0;0;0;0;0;0;0;0;0;0;0;0;0;0;0;0;9;0;0;0;8;0;0;0;0;7;16;0;11;18;0;0;0;0;0;0;0;0;0;0;0;0;11;18;0;3;0;0;0;12;0;18;0;0;6;0;0;18;0;0;0;0;17;0;5;0;0;0;0;5;14;0;11;0;11;0;16;9;0;0;0;0;0;0;0;13;0;18;0;0;8;15;0;0;0;0;0;0;11;0;5;0;0;4;0;9;0;0;0;0;17;9;14;0;0;12;18;0;8;13;9;17;7;0;10;0;0;0;6;0;0;0;0;0;17;1;0;0;0;0;0;0;0;4;0
0;0;0;0;8;0;0;0;0;0;16;12;0;16;19;0;0;0;0;0;0;0;8;9;0;0;0;0;0;18;3;16;0;19;14;0;0;0;10;0;0;0;0;19;0;0;18;0;0;0;0;15;17;0;10;0;18;4;8;16;0;0;0;0;0;0;0;0;0;0;6;12;0;8;0;0;0;0;0;16;0;0;0;0;13;13;0;0;0;0;0;0;0;0;0;6;0;14;0;13;0;0;2;0;0;0;2;0;0;0;0;0;0;5;0;0;0;10;0;0;0;0;0;0;0;0;7;14;0;3;0;0;0;0;13;0;0;0;0;0;18;0;11;0;0;8;8;5;0;0;0;0;0;10;6;0;12;1;0;0;19;0;0;0;9;0;0;0;4;0;0;19;0;0;3;0;0;0;0;0;0;0;0;0;17;16;0;0;0;0;4;0;0;12;0;0;0;6;8;17;17
0;0;0;1;0;0;0;0;0;0;0;0;0;0;0;0;9;0;0;0;0;1;0;0;14;2;0;0;0;0;4;0;0;0;0;0;0;10;0;0;0;0;0;0;10;0;0;14;0;0;2;8;0;4;0;13;0;12;0;9;0;0;0;2;9;0;0;0;0;18;0;0;0;0;0;0;0;0;0;13;0;7;0;0;0;19;0;0;17;0;11;0;0;0;0;13;0;0;0;0;0;0;0;0;0;0;0;2;0;0;0;1;14;0;0;0;17;0;0;0;0;0;0;0;0;0;5;0;17;0;0;0;0;0;8;0;0;0;0;0;0;0;0;0;0;0;0;18;0;0;0;0;2;0;0;19;0;15;0;0;17;14;0;0;0;12;0;0;0;6;0;5;0;6;0;0;0;0;0;0;0;0;0;9;0;0;0;0;0;0;2;0;0;0;0;16;0;0;0;0;0
0;0;0;0;0;0;0;0;19;0;8;0;13;0;15;18;0;11;0;0;1;0;0;0;0;0;0;0;0;0;0;0;14;8;6;0;0;15;0;0;9;0;11;0;0;0;9;0;0;13;4;0;0;0;0;0;0;0;17;0;0;6;0;0;0;0;0;0;0;8;0;0;15;0;10;0;0;15;0;0;0;0;0;0;0;0;0;0;2;0;0;0;0;0;0;0;0;0;9;3;0;0;0;0;0;4;0;0;0;0;0;0;0;0;1;0;8;0;18;0;0;0;9;1;6;0;4;0;0;0;0;0;0;0;0;0;12;0;19;11;0;0;0;0;0;0;0;0;0;0;0;0;0;0;0;0;8;0;0;4;0;0;5;0;0;0;11;0;0;0;16;0;0;0;0;0;0;0;0;7;0;0;16;0;0;0;9;0;5;0;0;0;0;0;0;0;19;0;0;2;0
5;0;5;0;8;0;0;0;0;0;0;0;18;0;1;0;0;11;10;8;0;0;0;5;0;0;0;0;0;3;3;0;0;17;0;4;8;3;6;0;0;0;0;0;0;0;0;0;12;0;0;0;0;0;0;0;0;0;0;0;0;0;0;0;0;17;0;18;0;0;0;0;0;0;19;3;5;7;0;17;0;3;15;0;0;0;0;0;0;0;2;0;0;0;0;0;10;7;16;0;0;15;0;17;0;14;11;0;0;0;0;9;10;0;3;13;0;0;0;0;0;0;0;13;0;0;6;9;0;0;0;19;0;0;0;0;0;0;0;0;2;15;0;0;11;0;0;0;4;0;0;0;0;0;13;1;0;0;0;0;0;0;0;0;5;0;0;0;0;0;0;0;11;0;0;0;14;0;3;9;0;17;0;0;0;0;8;0;0;0;0;0;9;0;0;4;0;0;0;0;0
4;3;0;0;0;0;0;0;0;14;9;0;0;0;15;0;0;0;0;9;0;0;5;0;3;4;0;0;11;0;0;17;0;4;0;7;0;19;0;0;0;8;19;0;0;0;0;0;15;0;0;13;14;17;0;0;0;0;0;16;0;3;0;0;0;0;16;13;0;0;9;0;0;0;0;5;0;0;0;0;0;0;3;0;0;0;0;0;0;0;5;0;0;0;0;5;2;0;0;0;3;18;0;0;0;0;0;14;8;4;0;0;0;0;0;1;0;0;0;0;9;0;12;0;0;9;7;14;0;0;0;5;5;0;0;0;0;3;0;0;0;17;0;7;0;0;0;0;0;0;0;0;0;0;0;0;0;0;15;0;0;0;0;0;0;0;0;16;11;0;9;18;15;4;0;2;0;18;0;0;12;0;0;10;3;0;0;0;0;2;0;0;1;8;0;0;0;0;17;0;0
0;0;0;0;4;0;0;12;0;15;0;0;14;0;0;3;0;0;0;0;14;0;0;3;0;8;0;1;0;0;15;0;0;0;0;0;14;0;15;0;0;0;0;0;0;0;0;0;0;14;0;0;0;7;0;0;0;0;0;0;0;17;16;0;0;0;0;0;19;18;0;19;6;0;0;0;8;0;0;2;0;9;0;0;0;16;0;0;14;0;0;2;0;18;14;0;5;0;0;0;16;8;13;1;1;10;0;0;19;0;17;0;0;0;0;0;0;15;16;12;0;0;0;0;0;0;0;0;0;0;0;0;0;0;0;0;18;0;5;0;6;12;0;5;11;18;8;2;9;0;0;7;0;0;0;0;15;0;0;13;0;12;0;0;13;0;0;2;0;0;0;0;0;0;0;0;0;15;0;0;0;0;0;6;0;12;0;0;6;18;0;0;4;0;0;0;0;0;0;0;8
0;6;12;14;0;0;1;1;0;0;18;0;0;14;0;0;0;18;0;0;2;0;0;4;8;0;0;11;18;15;1;0;0;0;0;0;0;18;10;4;0;2;0;11;2;0;0;0;0;0;17;4;6;0;0;14;0;3;0;0;8;0;0;1;0;4;0;13;0;0;0;16;0;0;0;0;0;0;0;0;0;0;0;11;0;0;0;0;0;0;17;0;0;15;0;0;0;0;0;0;11;0;0;0;0;12;0;0;0;16;0;9;0;15;0;0;0;0;0;7;0;0;9;0;0;0;0;0;0;0;0;18;0;3;0;0;0;0;0;18;0;0;0;19;9;7;10;0;13;0;8;0;0;0;0;0;0;19;0;0;0;0;0;0;0;0;0;0;0;0;1;0;19;0;0;11;0;0;5;0;2;0;12;8;9;0;0;0;14;12;17;0;0;0;0;0;0;0;0;13;15
0;11;0;0;0;0;10;7;0;14;0;0;0;0;14;0;0;0;11;0;0;0;0;0;0;0;0;0;0;0;6;0;8;16;0;0;0;0;9;16;0;0;13;0;0;0;0;0;0;0;0;11;0;19;1;3;0;0;0;0;0;0;0;10;1;0;0;10;0;0;10;0;0;0;0;15;0;0;0;0;0;0;0;0;0;0;19;0;14;0;0;0;0;0;0;0;0;0;0;0;0;0;0;0;0;0;17;0;14;17;0;0;1;0;17;0;0;2;19;0;10;12;9;12;0;18;0;0;0;2;0;7;0;0;0;0;0;0;0;0;13;0;0;0;0;0;1;0;0;0;15;5;14;0;0;1;0;18;12;0;0;0;0;6;0;3;0;0;0;4;0;9;0;0;0;16;0;15;0;0;0;0;18;0;0;0;7;0;0;0;0;0;17;0;3;2;0;0;0;0;0
0;0;15;0;0;0;0;0;0;0;16;19;0;18;0;0;0;6;0;0;0;0;0;0;1;11;0;0;0;0;3;0;7;18;0;0;0;0;0;0;0;15;12;0;0;0;0;0;0;0;0;7;0;0;0;0;0;14;0;0;2;0;0;0;0;0;0;0;0;16;0;19;0;0;0;0;0;0;0;0;7;0;8;8;0;0;1;0;0;16;8;13;16;14;0;0;0;1;0;9;0;0;0;2;0;0;10;0;0;0;13;5;0;4;0;0;15;0;0;0;0;0;0;14;0;9;0;0;16;0;0;0;17;0;0;0;11;0;0;9;0;6;0;14;0;0;0;15;0;0;0;0;0;0;5;0;0;0;16;13;0;0;0;0;0;0;3;14;0;0;0;0;0;0;10;19;0;8;0;0;7;0;11;0;5;0;0;6;0;0;0;0;0;0;2;0;0;0;0;0;0
0;0;16;0;0;0;0;0;6;0;19;0;0;0;0;12;0;0;19;0;0;0;0;11;0;18;0;0;0;0;0;0;0;0;0;0;4;0;0;0;0;0;17;0;0;15;18;0;0;0;0;6;0;0;0;0;0;0;17;10;9;0;0;19;0;0;12;0;0;8;0;6;0;0;9;0;0;0;0;0;3;0;5;16;14;0;12;0;0;0;0;0;11;5;13;0;0;0;2;10;0;0;0;0;15;6;0;0;0;0;0;6;0;0;4;10;0;0;2;14;17;0;0;0;0;0;0;0;0;0;0;0;16;15;16;0;0;0;0;0;0;0;0;0;0;13;0;0;0;12;0;17;0;11;0;0;0;0;0;0;7;0;6;0;11;4;11;19;0;0;0;0;0;0;16;8;0;0;0;0;0;11;0;0;0;19;0;0;0;3;0;0;11;1;0;0;0;0;0;0;8
16;0;2;0;0;0;0;0;0;16;0;11;0;7;0;0;0;0;0;18;0;0;3;0;0;15;0;0;0;0;0;0;11;14;0;0;0;9;0;0;15;0;0;0;0;0;0;0;2;0;0;0;7;0;0;4;10;0;0;0;17;18;0;9;0;0;0;7;0;18;17;0;14;0;0;17;0;13;19;0;0;9;0;0;0;0;19;0;0;0;0;3;0;0;0;0;0;0;0;0;4;0;0;0;5;18;0;0;19;0;9;5;0;5;0;0;0;11;0;0;0;0;15;0;0;0;7;0;14;0;0;0;18;0;0;12;0;3;11;6;0;0;1;0;0;9;0;0;0;4;0;9;0;0;7;0;5;0;0;0;9;0;0;6;7;0;0;0;0;2;6;0;0;0;0;0;0;0;0;0;0;0;0;19;18;0;0;9;0;16;0;17;0;0;12;0;0;0;0;4;0
0;5;17;14;0;0;0;0;7;0;0;2;0;0;11;0;0;0;16;3;4;0;3;0;15;1;6;3;0;0;0;0;0;0;0;0;0;0;0;0;8;0;0;0;0;0;0;11;0;3;0;17;0;0;0;0;12;16;0;0;0;17;14;0;0;1;0;11;0;0;0;16;2;0;0;0;0;0;0;0;0;0;0;17;0;0;0;0;12;0;0;0;1;0;0;0;14;0;0;0;0;9;1;0;14;16;0;0;10;0;0;0;0;10;16;0;0;0;0;4;17;0;5;0;0;0;0;2;0;0;0;0;0;0;0;12;0;0;0;0;1;0;0;0;0;9;0;0;0;0;3;0;2;0;12;0;0;0;14;0;0;0;0;0;12;0;5;0;0;2;16;19;10;0;0;0;0;9;0;0;0;0;0;14;0;0;6;14;0;0;0;0;6;14;0;0;0;0;0;12;0
14;14;0;9;6;0;11;5;0;14;0;0;8;0;7;17;0;15;15;16;0;0;0;17;0;0;0;0;0;0;0;0;0;0;0;17;0;0;0;0;0;0;0;1;0;0;0;0;0;0;0;0;0;1;0;0;0;15;0;0;0;19;7;0;0;0;0;0;0;0;0;2;0;0;0;16;12;0;0;0;0;0;0;19;1;0;0;17;18;0;7;0;0;0;0;0;0;17;16;0;17;0;0;0;0;0;0;0;0;0;0;0;0;10;0;0;0;1;0;0;0;0;0;0;5;0;7;10;0;0;0;0;0;0;0;9;0;0;10;0;19;0;0;0;3;0;4;0;0;10;14;0;0;0;0;0;1;0;0;0;0;14;0;0;0;0;4;0;0;16;0;0;0;1;0;8;0;3;0;3;0;9;5;19;0;0;11;0;0;7;0;0;15;0;0;11;0;2;0;0;0
12;13;0;0;0;0;0;12;0;0;0;5;19;0;0;17;8;13;0;0;0;14;0;0;0;0;8;7;0;11;0;0;0;0;0;0;0;15;0;0;18;0;19;0;13;18;0;0;16;0;10;0;11;9;0;13;0;7;0;0;0;0;0;0;0;0;0;1;19;0;0;0;0;0;0;13;0;19;0;2;0;0;0;0;5;0;0;0;0;5;9;0;1;0;0;0;0;18;0;0;0;0;0;0;0;18;2;0;0;6;0;0;0;0;0;0;0;14;0;0;18;0;0;2;0;3;0;0;0;0;0;0;0;0;0;0;0;0;0;18;0;0;0;0;0;0;0;0;0;0;0;0;0;0;0;0;0;0;0;9;0;0;8;0;5;14;0;0;0;14;5;0;0;0;0;0;15;9;15;0;0;0;11;0;0;15;0;12;0;0;0;0;0;0;0;0;5;15;0;0;19
14;15;0;3;0;0;0;0;0;0;0;2;0;1;0;7;0;13;0;19;0;8;17;4;0;0;16;18;0;14;0;0;0;0;0;0;0;0;0;16;0;0;0;0;0;0;0;0;18;0;0;0;0;0;0;12;12;11;0;0;9;0;11;0;7;0;0;18;6;0;0;0;0;0;7;0;8;0;0;2;0;0;0;16;0;0;18;4;0;0;0;0;0;0;19;0;0;0;0;0;7;0;0;0;0;13;0;14;0;6;0;12;0;1;0;1;0;0;0;0;5;0;10;14;0;0;0;0;0;0;0;0;3;0;0;10;0;0;0;11;0;0;0;18;0;0;0;0;0;18;0;0;0;0;0;0;7;0;0;0;12;0;0;0;0;0;0;0;0;0;11;3;12;0;0;0;0;0;6;0;0;0;0;0;1;0;0;1;0;0;11;0;0;18;0;0;0;0;0;0;5
16;0;0;9;6;0;8;0;0;1;0;0;0;0;0;0;0;10;4;14;0;6;0;0;0;0;0;0;0;0;0;0;0;0;0;0;0;0;0;0;0;1;0;13;0;0;0;0;0;11;14;0;0;0;0;14;0;0;8;10;0;0;19;0;7;0;16;0;0;0;0;9;13;0;0;0;0;12;14;0;0;0;0;0;0;0;0;0;0;0;1;0;0;0;0;0;0;0;0;0;0;0;0;14;6;0;0;0;0;19;0;0;0;0;0;8;0;0;0;14;0;0;11;0;0;9;0;10;0;5;0;17;0;0;0;0;0;0;10;0;0;12;0;0;0;0;0;0;0;0;0;9;0;0;0;0;0;3;0;12;0;0;0;10;0;0;17;0;0;0;0;0;0;0;13;0;0;0;0;0;1;0;0;0;15;0;0;0;0;0;0;19;0;0;0;11;0;2;0;0;0
0;4;0;0;16;4;0;0;0;16;16;0;13;0;0;0;0;0;0;0;0;0;4;7;0;0;0;0;0;0;0;17;0;0;0;0;18;0;0;0;1;0;0;0;10;0;0;0;0;0;0;11;0;0;15;0;0;0;13;0;0;5;0;0;0;7;0;0;0;0;4;0;0;1;0;0;3;0;4;0;0;0;0;5;0;0;12;4;0;0;0;0;16;0;0;0;12;0;0;0;0;0;0;0;1;7;17;0;0;0;0;0;0;0;17;0;0;0;0;0;3;0;0;7;0;0;0;0;0;0;0;0;8;0;0;0;0;11;0;0;3;0;0;0;0;0;18;0;0;0;0;0;0;0;0;19;0;16;18;0;8;0;0;9;0;0;0;0;0;0;0;0;0;0;17;6;0;0;0;0;0;0;2;0;0;0;0;0;12;0;0;0;15;0;0;2;0;0;0;0;0
0;0;0;0;9;0;7;4;0;16;0;16;11;9;1;17;0;8;0;0;0;0;8;0;14;0;0;0;4;0;0;0;0;0;0;18;0;0;0;0;0;8;0;0;0;9;0;17;0;0;0;5;0;6;0;0;0;12;0;14;0;0;0;0;0;0;0;0;0;0;0;11;0;0;5;0;0;0;0;0;1;4;7;0;0;11;5;3;0;0;9;0;0;0;16;1;0;14;0;0;0;0;0;0;0;1;0;0;0;0;0;19;0;0;10;14;0;0;6;0;0;0;0;0;0;0;0;0;13;0;7;0;5;0;0;0;0;0;0;0;1;4;0;11;0;0;0;11;0;17;0;0;0;0;0;0;7;9;10;0;0;16;0;19;0;0;0;0;0;12;0;1;0;7;0;16;0;0;0;5;0;5;0;0;2;0;0;0;0;0;7;0;8;0;10;0;0;0;0;0;0
0;0;6;0;0;0;3;10;0;4;4;0;0;0;0;16;16;0;0;0;10;15;3;19;0;18;0;0;0;9;0;0;15;0;0;0;0;0;1;19;0;13;0;0;0;0;0;0;0;0;0;0;0;0;9;1;6;7;0;0;0;3;4;0;16;0;0;0;3;0;0;0;0;0;0;0;19;0;0;15;0;0;0;0;0;0;0;17;15;0;0;0;0;0;0;0;0;13;0;1;17;0;0;5;13;0;19;0;16;0;0;0;0;0;0;1;0;12;2;0;0;0;0;0;16;0;0;2;0;0;11;0;11;0;3;0;10;0;0;0;4;0;0;0;0;0;4;8;0;0;0;15;9;0;0;13;4;0;0;0;19;0;0;16;10;0;0;0;15;0;0;0;0;19;0;16;6;2;0;0;0;0;0;0;0;0;0;0;12;0;9;11;0;9;0;0;10;0;4;19;0
0;0;0;0;0;0;9;0;12;15;16;14;19;4;0;0;0;12;1;10;0;0;6;0;15;10;9;0;0;0;0;0;0;0;0;0;0;1;0;0;0;14;0;0;8;6;6;18;0;0;0;0;0;0;0;0;0;6;16;0;13;0;0;0;17;0;0;0;0;18;0;0;0;0;0;0;0;9;8;9;0;0;0;0;0;12;1;0;0;0;0;9;0;16;16;11;0;5;0;12;0;0;0;5;0;0;0;0;0;5;0;4;0;0;16;0;0;0;5;0;16;0;0;17;15;0;10;0;0;15;0;14;0;11;0;13;0;0;0;0;12;10;0;0;0;0;12;16;0;4;0;0;12;0;9;0;0;17;0;18;0;0;0;1;0;0;7;0;14;0;0;13;0;0;0;0;9;0;0;0;4;15;6;0;18;0;0;0;15;0;7;0;12;0;0;14;1;0;4;2;0
0;0;19;12;0;0;5;0;0;0;0;2;0;0;6;0;0;0;0;0;0;0;0;0;0;4;16;0;0;0;0;0;0;16;0;0;0;19;0;0;0;12;0;17;1;0;10;11;0;0;16;0;0;0;0;18;9;0;0;0;11;0;0;13;5;0;0;19;0;10;14;0;0;11;0;0;0;0;0;0;0;0;18;0;0;0;4;0;0;0;0;0;0;0;11;0;0;0;0;16;9;0;14;4;19;4;6;0;0;0;0;0;0;0;16;0;0;0;13;0;4;0;0;14;2;0;0;14;0;11;0;0;1;0;0;10;0;0;19;0;16;1;0;0;0;0;0;0;0;0;0;0;0;18;0;13;0;14;0;0;14;0;12;17;4;19;17;2;0;17;0;0;0;0;0;17;0;0;19;8;0;0;0;0;0;15;0;15;0;0;0;0;0;0;0;16;4;6;14;0;0
0;0;0;0;0;0;13;0;0;0;19;17;0;17;0;0;0;0;0;0;0;9;0;0;0;0;0;0;0;15;8;0;18;0;0;1;0;0;0;0;0;0;0;0;0;1;7;0;10;0;0;5;0;0;0;12;0;0;0;0;0;0;0;11;0;0;0;0;11;4;0;0;0;9;0;0;0;14;0;0;3;0;0;0;7;0;3;15;0;0;0;0;0;0;0;0;0;0;0;0;0;0;0;18;0;7;11;0;0;0;6;0;0;17;0;14;0;0;0;0;0;15;8;11;0;0;16;0;16;1;0;0;0;0;0;0;0;0;9;0;0;0;0;0;0;0;7;0;0;0;0;12;4;0;0;0;0;11;0;0;0;0;0;0;0;18;0;0;2;14;3;0;0;0;0;0;4;0;17;0;0;0;14;0;0;0;9;0;0;0;0;18;5;0;0;0;14;0;10;0;6
16;0;0;7;17;0;0;0;11;8;0;0;8;0;8;5;14;1;17;0;0;0;0;8;0;2;0;15;0;0;0;0;0;0;1;0;8;13;14;12;0;0;1;10;0;0;0;14;12;17;0;3;12;0;4;4;10;12;0;5;0;7;3;0;0;0;0;0;0;0;0;11;0;5;0;0;11;0;16;0;10;0;0;0;0;0;3;0;0;0;0;0;0;0;0;0;15;8;0;0;5;11;0;0;0;4;0;0;7;0;0;0;0;0;0;0;0;10;0;8;17;0;0;0;15;11;0;0;0;0;5;0;0;0;0;0;0;0;15;19;0;0;5;0;0;0;0;7;0;19;0;19;0;13;3;0;0;17;6;0;0;0;16;0;0;0;0;3;12;6;0;0;0;13;0;15;0;0;0;2;0;9;12;8;10;0;0;11;0;18;0;0;0;0;0;0;11;0;0;0;0
0;0;0;0;0;0;0;0;0;0;4;0;1;0;0;0;5;0;8;0;0;11;0;19;0;0;13;12;17;0;0;0;19;0;0;0;0;0;0;0;0;1;0;0;0;0;1;0;0;0;0;4;0;0;0;0;13;0;1;0;0;4;0;13;0;17;0;0;0;0;3;0;0;0;0;0;0;0;0;0;0;0;0;4;7;0;13;0;0;0;10;0;0;0;19;12;0;0;15;3;0;0;5;0;0;0;0;6;0;0;3;5;0;3;0;0;12;18;13;0;13;0;0;0;0;0;0;19;1;8;10;0;0;16;0;0;0;0;0;12;2;0;9;0;16;9;0;10;0;0;0;19;0;14;0;0;0;14;0;0;0;15;0;16;6;0;0;0;12;0;0;0;7;0;0;0;0;0;0;0;0;1;0;0;0;0;0;0;0;16;0;0;0;0;0;0;0;0;19;2;0
4;0;8;0;4;0;8;0;15;0;0;0;15;0;18;18;0;16;0;19;0;0;0;0;0;11;0;0;0;0;0;1;0;0;13;0;0;0;0;17;0;10;0;0;0;11;9;0;0;0;0;2;0;0;0;0;0;2;0;0;6;1;7;0;0;6;0;0;16;0;0;12;0;0;0;3;8;0;0;0;0;0;0;3;0;9;0;0;0;0;14;4;0;7;0;0;5;0;0;0;0;0;0;0;0;0;12;0;0;0;0;19;9;3;1;0;0;0;0;0;0;0;0;12;0;0;0;19;1;1;0;0;12;0;14;0;4;0;5;0;0;0;3;0;0;0;0;0;0;0;9;11;0;0;0;8;0;13;0;0;0;0;0;0;0;1;0;17;0;0;0;0;0;4;0;0;9;8;0;0;0;13;0;0;3;0;0;0;0;19;0;19;0;18;0;0;18;15;0;0;12
7;0;0;0;0;0;0;0;0;5;0;0;6;0;13;9;0;0;0;0;10;0;0;0;0;2;0;0;0;0;0;0;13;0;0;10;0;0;8;1;0;0;0;0;0;17;0;0;0;3;6;0;0;10;8;0;0;0;0;0;9;10;13;0;0;11;12;0;0;0;0;11;0;5;6;0;4;9;0;0;0;16;0;8;3;0;0;4;3;0;0;0;18;0;0;0;2;18;0;0;0;4;0;13;0;0;0;0;0;0;0;0;0;10;0;0;0;0;0;4;0;5;0;0;0;0;0;4;0;0;0;0;0;2;0;9;0;0;14;0;6;0;0;0;2;0;0;8;0;0;0;0;10;5;1;0;0;0;10;12;15;0;16;10;0;11;7;16;11;0;0;0;0;0;0;0;6;13;17;0;0;1;0;0;18;0;0;0;0;14;0;0;0;15;0;0;0;0;14;0;0
17;0;11;13;0;3;11;16;0;0;0;0;0;0;0;0;0;0;0;0;0;0;0;0;0;0;0;0;15;0;0;0;18;0;0;0;9;0;6;0;1;0;0;11;17;0;15;8;0;5;0;0;9;0;0;0;11;7;18;3;6;0;4;0;0;16;2;7;11;0;0;0;5;0;0;19;3;0;0;0;0;6;7;15;0;9;9;15;0;0;0;12;7;6;2;1;7;0;0;0;1;0;0;0;0;17;7;0;0;0;5;7;0;11;2;0;12;0;0;0;0;15;14;17;0;0;0;9;18;16;17;0;0;0;0;0;9;6;0;13;17;5;16;0;15;0;0;0;10;0;2;0;0;0;0;0;0;0;5;6;0;0;0;0;4;16;8;0;0;2;1;0;0;8;0;0;0;15;0;17;0;0;15;0;0;5;0;0;0;0;0;12;0;0;0;0;0;0;0;0;5
19;17;11;0;0;0;3;1;4;8;0;0;0;13;0;19;0;0;15;18;0;9;0;0;0;0;0;0;18;0;0;0;0;0;0;0;0;0;6;10;7;0;1;9;0;15;0;0;0;6;0;3;13;0;15;0;0;2;0;0;0;0;0;0;0;11;0;0;0;0;10;4;0;6;0;0;0;7;0;17;0;0;0;0;0;0;9;0;0;19;0;19;1;13;0;0;0;9;12;0;0;19;0;0;7;0;9;0;12;12;0;0;0;5;0;0;3;6;0;7;0;0;8;0;0;8;0;14;0;0;0;0;3;7;16;0;0;0;0;4;0;19;8;16;0;4;0;9;13;11;0;0;0;0;0;12;8;2;13;0;0;6;0;7;0;5;0;14;0;9;0;0;0;0;0;8;0;0;0;0;0;0;0;0;0;0;0;1;0;0;0;15;16;8;0;9;0;0;0;0;11
0;2;17;0;6;0;7;0;0;0;0;5;18;0;11;0;0;0;0;0;14;0;0;0;0;0;0;0;0;0;11;0;0;0;0;0;17;0;18;11;0;14;0;0;0;8;0;0;4;0;4;0;0;0;0;15;0;0;0;0;0;16;11;0;9;0;0;0;0;0;0;0;0;13;0;0;0;0;0;0;0;0;3;0;0;0;0;0;2;0;0;10;0;12;0;0;0;0;0;2;0;11;2;11;6;14;0;0;15;0;0;0;9;0;19;0;0;0;14;0;11;0;0;0;0;0;0;7;0;0;14;0;0;0;6;11;0;10;0;0;0;0;17;15;0;0;5;0;0;0;0;0;6;3;0;0;0;0;0;0;9;0;0;0;4;0;7;0;0;0;2;6;0;18;4;0;0;16;0;0;6;0;3;0;0;0;2;17;0;0;0;0;0;0;0;17;0;0;0;0;0
0;0;4;0;0;0;0;2;0;3;0;0;0;0;0;14;0;0;0;0;0;0;12;15;0;0;0;0;0;2;0;0;16;18;0;0;0;0;0;0;10;12;0;0;0;0;0;4;0;12;0;0;0;0;0;17;0;0;4;0;0;0;0;0;6;0;10;0;0;0;0;0;0;0;14;0;0;2;0;0;0;0;0;0;0;0;0;0;0;0;0;0;0;0;8;16;5;0;0;0;0;0;0;16;0;12;0;0;0;0;10;0;10;16;0;18;13;0;2;18;8;0;0;0;0;0;16;0;14;0;0;5;17;0;0;0;0;0;0;0;7;0;0;0;0;0;5;10;12;14;14;0;10;0;0;6;0;14;0;0;0;0;0;6;0;12;3;18;10;0;12;0;10;0;0;0;14;2;7;0;0;0;0;0;0;0;0;0;0;0;0;0;0;3;16;0;1;0;16;0;0
0;0;0;0;1;0;0;0;0;0;3;0;0;0;0;0;0;19;10;0;0;13;0;0;14;0;0;0;0;0;3;0;0;0;11;0;0;0;0;0;0;17;0;0;3;5;6;0;12;0;18;0;12;9;0;0;18;0;0;15;0;0;0;0;18;0;0;0;0;0;14;0;0;17;8;0;0;0;17;13;0;2;0;0;0;0;17;0;0;16;0;0;0;0;0;9;0;0;17;0;0;0;0;0;0;0;0;0;0;2;0;0;17;0;0;17;0;0;0;0;9;0;0;0;16;0;0;17;0;19;10;0;18;7;8;4;0;0;0;0;0;0;0;0;0;0;0;0;0;0;0;0;0;7;0;0;0;0;0;0;14;0;0;0;13;0;0;0;0;0;2;0;0;0;0;0;0;0;16;2;0;0;12;0;11;2;16;0;18;0;0;3;0;0;9;0;0;0;17;0;0
0;0;11;8;0;0;0;6;0;0;0;0;7;6;10;0;15;0;18;0;2;4;0;0;0;17;0;0;0;0;0;0;10;0;14;0;0;0;0;16;0;0;0;0;6;0;0;4;0;18;0;0;0;0;0;0;3;5;1;14;0;0;4;4;8;0;0;14;1;11;0;0;0;0;0;0;0;0;0;0;0;2;0;1;0;0;8;0;0;0;0;0;0;0;3;10;3;14;0;0;0;8;0;0;0;9;0;0;0;0;0;3;0;0;10;0;0;0;0;1;10;0;0;15;0;0;0;0;0;10;4;0;0;5;0;5;0;0;0;0;12;0;17;0;0;0;0;16;0;0;0;0;0;11;0;0;0;0;0;8;0;0;0;2;0;0;0;0;0;16;0;0;8;0;0;0;0;0;0;0;0;1;0;4;0;3;7;0;0;0;0;0;12;0;0;0;17;0;1;0;5
0;0;0;0;0;1;0;12;0;13;3;0;0;0;0;0;0;0;8;15;8;0;0;13;0;4;11;7;6;0;17;0;0;0;0;11;5;0;0;0;5;3;4;2;0;0;3;0;0;0;0;0;0;0;9;0;0;13;0;0;0;5;13;17;6;3;0;0;0;0;0;0;0;0;19;0;0;11;0;0;0;0;0;0;0;0;11;12;0;0;11;2;14;2;0;0;0;0;17;0;15;0;0;0;0;10;0;0;0;5;0;1;0;0;0;0;17;9;16;8;0;0;0;0;1;0;7;0;0;0;0;14;7;0;0;8;0;0;0;11;8;0;0;13;18;0;0;0;17;0;18;0;0;0;0;0;0;0;11;9;0;0;5;13;0;6;0;0;0;0;0;9;9;0;0;0;0;0;0;0;0;0;0;19;0;0;0;19;0;0;7;0;14;0;0;6;0;0;0;0;0
0;13;0;18;0;0;0;0;18;0;0;8;0;0;0;6;0;0;0;17;0;0;0;14;0;6;0;0;0;7;0;0;11;0;0;0;0;0;0;0;0;12;0;0;0;9;13;0;0;12;0;0;0;0;0;0;0;0;0;3;0;0;1;0;14;6;17;0;0;0;0;4;0;0;0;2;0;0;0;0;0;0;0;0;0;0;0;9;0;0;0;0;8;0;1;15;0;0;0;0;0;0;0;0;0;19;0;0;1;0;0;12;0;0;10;0;4;0;5;11;0;0;16;0;0;13;0;0;15;5;11;0;6;15;0;0;0;0;0;0;0;6;9;0;0;2;0;0;0;19;0;0;0;0;0;0;0;0;0;16;11;0;0;0;4;0;0;0;13;17;0;0;4;0;3;0;5;0;4;0;16;0;0;0;19;2;1;7;0;0;0;16;0;0;0;1;0;0;0;0;0
8;1;0;1;0;0;0;0;0;0;0;10;0;5;0;12;14;0;0;0;4;0;0;17;7;0;19;0;0;0;0;1;9;0;0;0;6;0;0;0;0;0;0;0;10;0;0;0;0;9;0;0;0;0;0;0;0;0;12;15;6;0;0;9;0;0;16;0;10;3;0;9;0;0;0;4;0;10;13;0;0;0;0;0;17;0;0;0;0;13;17;0;0;0;4;0;0;0;0;1;0;0;0;0;0;0;0;0;15;3;0;1;0;0;0;0;14;0;0;0;0;1;0;19;0;0;3;4;3;0;15;0;0;0;0;19;0;0;1;6;18;0;0;0;0;0;8;0;8;0;13;3;1;0;19;0;0;0;0;13;0;4;7;0;0;14;0;0;14;15;0;0;15;0;0;5;0;8;0;0;13;0;0;0;0;13;2;0;0;0;0;0;0;0;0;0;13;3;3;0;0
15;0;19;0;0;0;0;0;0;0;0;0;16;16;0;0;0;0;0;10;0;0;0;0;0;0;1;0;0;0;0;0;0;0;0;15;0;9;0;0;0;4;0;0;8;0;15;0;0;0;0;9;0;0;0;0;0;0;12;0;7;18;0;16;11;0;0;0;0;0;0;0;3;1;8;0;0;0;9;0;12;0;0;0;3;15;0;14;12;2;17;0;7;18;10;8;0;0;0;0;0;0;18;0;12;0;0;0;0;0;0;0;0;0;0;16;0;18;12;0;6;0;0;0;0;0;0;0;0;0;12;0;0;0;0;0;0;0;13;0;0;0;0;0;6;0;3;0;0;0;0;0;0;0;10;0;13;0;0;0;8;0;17;10;0;6;0;0;0;11;0;0;0;18;0;0;0;0;0;0;13;0;0;6;0;6;0;0;4;0;0;0;0;0;0;0;0;14;16;13;0
0;0;10;0;0;15;0;0;0;0;0;0;0;2;7;0;0;0;0;0;13;0;0;0;0;14;3;0;0;4;0;0;13;12;14;0;0;1;0;18;12;4;0;0;0;0;0;15;17;0;0;0;0;0;0;0;0;12;0;0;0;0;8;0;18;0;7;11;0;0;6;9;0;0;0;0;0;0;14;0;14;0;0;1;0;13;0;8;0;0;0;0;0;0;0;0;13;0;0;0;0;0;2;3;0;1;0;0;0;0;0;0;3;0;0;0;3;19;15;19;2;5;0;17;0;0;0;0;0;0;0;0;3;0;0;16;0;0;0;7;0;0;11;0;0;0;0;15;0;0;16;0;0;12;0;0;0;1;0;0;0;0;0;0;12;6;0;0;0;12;19;12;2;0;0;3;0;17;0;0;13;6;0;0;0;0;0;0;0;0;6;0;0;0;0;0;19;10;19;11;0
1;3;0;0;0;0;0;1;0;0;9;3;0;0;0;0;0;0;0;18;0;0;0;0;0;0;0;0;0;10;12;0;0;12;0;0;0;6;0;9;0;10;13;0;0;11;0;0;0;18;3;0;0;0;0;0;0;0;4;0;4;1;12;0;0;0;0;18;0;0;0;18;0;0;9;0;16;0;0;0;8;0;0;0;0;0;0;0;0;10;0;0;0;0;19;12;0;0;0;0;0;0;0;0;0;8;1;0;0;0;0;1;0;0;0;16;10;0;0;0;16;16;0;0;0;11;0;0;0;0;0;0;0;0;0;0;0;0;6;13;11;0;0;0;18;1;5;0;2;18;0;2;0;0;11;0;0;0;0;0;0;0;0;0;5;14;0;19;2;0;0;0;0;0;0;6;0;0;10;6;0;0;6;6;0;0;0;0;10;0;0;0;0;0;2;12;0;0;0;0;15
0;0;8;0;18;0;0;5;0;0;1;0;0;0;2;8;0;6;0;4;12;0;0;0;0;3;0;14;0;0;16;15;7;11;0;0;12;7;6;0;0;12;0;2;0;7;2;0;0;0;5;13;0;0;0;12;0;0;16;0;4;0;0;0;0;0;0;13;5;0;0;0;0;12;0;0;0;0;0;0;9;0;5;0;0;0;8;13;13;5;0;0;10;0;0;0;0;0;0;0;0;0;3;13;0;0;2;12;0;16;6;0;0;4;0;0;0;0;0;16;0;4;0;0;0;15;0;0;17;4;0;0;0;0;0;0;4;0;0;0;12;0;0;0;0;0;0;0;16;0;0;0;0;0;14;0;0;0;2;0;0;19;0;0;4;0;0;0;0;5;19;0;0;0;0;11;0;0;0;19;18;0;0;0;6;0;0;11;0;0;0;0;0;0;0;0;0;14;0;0;0
6;0;0;0;5;0;7;11;0;1;0;0;0;14;0;14;17;18;0;8;0;17;0;0;0;0;0;0;17;0;0;0;0;0;8;13;0;0;16;0;0;0;1;0;0;18;0;0;4;0;1;0;0;12;12;0;4;16;0;0;3;19;13;16;0;0;0;14;0;0;0;0;0;1;0;0;0;0;8;0;0;13;0;2;0;0;13;7;0;0;19;0;9;0;0;0;0;6;5;0;0;0;0;13;0;0;0;0;0;0;0;0;19;12;17;0;0;10;17;10;0;0;16;0;19;19;0;0;11;0;16;16;0;0;0;0;0;0;0;9;0;0;2;0;0;0;0;17;1;0;0;0;0;10;0;0;0;0;0;0;0;10;0;9;0;0;1;0;2;0;0;0;0;2;0;4;0;0;0;19;0;0;0;0;0;0;0;0;17;0;0;0;0;0;0;0;0;0;17;0;0
0;0;0;10;7;10;0;0;0;0;0;0;0;15;0;0;0;13;0;16;9;0;0;16;0;0;0;0;10;0;0;0;0;0;10;0;14;0;0;0;0;5;0;0;0;3;0;0;0;15;14;0;3;15;0;0;0;0;0;0;0;18;0;0;7;12;3;0;0;0;0;0;0;0;15;0;0;0;0;0;0;0;11;0;0;18;0;0;0;0;16;5;0;0;0;0;0;9;0;0;0;0;0;6;0;3;0;0;8;0;0;0;0;0;0;9;7;0;0;12;0;0;0;17;0;0;0;9;5;0;0;0;11;0;0;17;0;0;0;0;0;0;0;2;13;0;0;0;0;0;0;0;0;0;0;0;19;0;0;0;0;18;19;0;2;9;0;0;0;0;0;0;0;0;17;0;0;0;12;1;0;0;0;0;19;0;3;0;0;0;0;14;0;0;0;0;0;0;0;17;11
0;0;16;0;2;0;8;16;0;7;0;0;0;0;19;0;0;12;0;0;0;0;0;0;0;8;0;2;9;17;0;0;0;9;0;0;0;0;13;11;0;0;0;6;9;6;0;0;0;0;0;0;0;6;7;0;4;4;3;0;0;0;0;3;0;13;0;0;0;0;0;0;18;0;11;15;0;11;0;8;11;0;5;19;0;0;13;0;0;0;0;18;0;0;0;0;19;0;0;0;0;0;0;0;3;9;5;15;0;4;0;15;10;0;18;5;0;0;0;16;0;3;11;0;0;0;3;0;0;19;0;13;13;1;0;0;0;14;0;13;3;0;0;0;4;0;0;0;0;0;0;16;0;10;0;11;0;0;0;0;0;0;0;0;0;0;0;0;0;0;8;0;4;0;0;0;3;0;0;0;0;0;4;0;0;0;17;4;0;0;0;18;12;0;17;0;0;0;0;0;0
0;0;0;0;18;0;12;0;0;0;8;0;14;6;0;14;0;0;0;0;0;6;0;3;17;0;0;0;0;18;17;19;0;0;0;5;0;3;0;0;0;7;4;1;10;0;0;16;0;0;0;5;0;0;18;0;1;0;19;18;0;0;17;0;6;9;0;0;2;0;13;0;0;5;0;14;15;0;14;0;3;15;0;0;8;0;0;0;0;0;0;0;0;0;2;0;14;0;0;0;9;0;1;0;0;17;0;0;1;0;6;0;16;10;0;0;13;0;3;19;0;0;0;0;15;0;0;19;0;0;0;0;0;0;0;0;0;0;0;15;13;0;0;0;0;0;0;0;19;6;0;0;15;10;12;15;17;2;3;0;0;14;0;0;0;0;11;4;16;13;16;0;0;0;1;0;0;0;18;0;17;0;12;0;12;1;0;0;0;0;0;0;2;0;0;0;0;0;0;0;9
11;0;10;15;0;0;11;16;0;0;0;5;0;0;0;9;0;0;0;0;0;0;0;0;16;0;0;0;0;0;14;7;0;11;19;0;0;4;0;0;0;3;0;7;13;4;0;11;0;0;4;13;1;0;0;8;12;0;13;0;0;17;0;5;17;0;0;0;0;5;0;8;0;0;9;0;8;0;0;0;3;0;0;0;0;0;0;0;0;0;0;14;19;0;0;0;0;0;5;0;0;13;5;17;11;0;3;0;0;17;6;19;0;0;7;0;0;11;0;0;12;3;0;0;0;0;0;0;2;9;0;10;0;0;0;0;0;0;0;0;0;0;0;0;0;0;0;8;0;0;2;14;18;0;0;4;0;15;0;15;19;0;6;0;0;0;0;6;13;3;0;0;0;13;0;0;11;0;0;12;0;8;0;17;0;0;17;12;0;0;0;0;0;0;0;0;0;0;0;0;0
0;0;7;0;0;0;12;0;0;17;0;0;0;2;0;7;0;0;0;0;2;0;0;0;0;1;10;0;19;9;0;0;0;0;0;0;0;0;0;13;11;0;13;0;0;0;0;0;0;0;4;17;0;9;16;0;0;0;16;0;3;0;5;0;0;5;0;16;0;0;3;13;0;0;0;0;19;0;0;0;3;0;6;0;0;5;0;0;14;0;0;0;5;11;0;0;0;14;0;7;0;0;0;2;0;0;0;15;0;0;0;3;0;0;5;2;0;0;0;6;0;13;0;0;4;0;0;14;18;0;17;0;19;3;0;13;6;0;0;3;8;1;0;0;0;15;0;0;0;0;0;0;0;0;19;0;0;0;1;0;0;9;0;6;0;0;4;0;0;0;0;0;2;5;5;0;0;0;0;2;0;1;0;0;0;0;0;0;0;16;0;13;19;10;0;0;14;0;3;16;13
0;3;0;0;0;12;0;6;0;0;0;0;5;4;9;0;0;0;0;0;9;0;0;0;0;0;1;0;0;0;0;0;0;7;7;0;0;16;17;5;0;0;0;0;0;0;0;9;6;18;8;6;14;0;11;18;0;0;0;7;0;6;17;0;0;0;0;0;4;0;11;0;19;13;0;0;0;0;0;0;0;14;0;0;0;0;0;12;0;0;0;0;8;3;5;0;4;6;0;1;0;0;0;0;0;0;0;2;0;0;0;0;0;0;10;4;0;12;8;15;0;17;8;7;0;0;0;0;0;0;0;17;0;0;0;0;0;0;0;6;11;0;0;0;12;13;0;0;19;2;0;0;0;0;3;0;0;0;0;0;0;0;0;0;0;6;0;4;11;0;0;2;0;0;0;14;7;0;0;12;0;19;0;0;14;0;3;0;0;5;0;0;0;0;0;0;9;0;0;19;17
8;0;0;0;0;0;0;0;12;0;7;7;7;0;5;0;0;0;0;0;0;0;17;0;0;4;0;0;0;0;1;0;0;0;0;7;0;0;0;0;0;0;17;6;11;16;11;0;0;0;0;3;6;0;0;0;0;0;0;12;13;9;0;5;0;0;19;0;0;14;0;0;0;0;2;0;0;0;0;0;0;0;10;17;0;12;0;8;7;11;0;0;7;0;0;0;0;0;0;0;16;0;0;0;4;0;6;0;0;0;0;0;0;0;0;0;0;0;15;0;0;4;0;0;17;18;0;15;16;12;0;3;0;0;0;0;0;0;0;0;3;9;0;0;0;0;0;0;0;0;0;0;8;15;0;0;16;0;0;0;0;0;18;0;10;0;0;15;6;0;17;0;0;0;0;9;0;0;19;5;0;0;0;0;13;9;0;0;0;0;0;0;7;0;0;0;0;0;0;3;0
0;7;0;0;0;7;0;0;14;8;0;0;0;0;0;0;0;9;0;0;0;0;0;16;0;0;0;0;12;0;0;0;0;0;16;0;0;0;0;0;0;0;0;0;12;2;0;0;10;0;0;0;17;16;0;7;0;0;0;3;0;0;0;0;0;19;0;0;17;0;5;12;0;0;0;0;0;15;0;5;0;0;0;17;15;0;0;0;0;14;4;0;10;17;2;19;0;0;0;5;3;10;16;9;5;0;0;0;0;6;0;0;0;0;0;3;19;8;0;0;4;0;3;0;4;4;11;0;0;0;0;0;0;2;19;0;0;0;0;12;0;0;7;0;8;1;0;0;0;0;4;0;6;0;0;0;0;0;0;0;11;0;2;0;8;0;9;0;0;16;0;0;0;0;5;11;0;0;0;0;0;0;0;0;17;0;2;4;0;16;1;5;0;0;19;0;0;18;0;11;0
0;0;0;0;15;12;0;12;9;0;0;0;0;0;0;8;0;0;0;0;0;0;18;13;0;13;10;0;0;7;11;0;1;18;0;0;0;0;0;19;0;0;0;0;0;7;0;0;0;0;14;0;0;0;0;11;18;13;14;0;0;0;0;16;0;0;0;0;0;0;0;15;8;0;0;3;0;0;0;0;14;0;0;0;18;0;3;0;0;7;0;8;0;11;0;0;0;0;0;14;0;0;0;0;0;0;0;0;0;0;0;0;0;11;0;5;0;0;0;19;15;0;0;6;0;0;15;0;0;0;0;17;0;0;6;0;0;0;0;0;0;0;0;0;0;0;0;5;0;6;0;0;0;2;0;8;0;12;0;0;0;0;8;0;5;0;0;15;0;0;0;0;0;0;0;19;15;10;0;3;0;0;0;0;0;0;11;0;1;1;11;0;0;0;0;18;0;6;12;0;0
0;0;0;19;0;0;0;0;0;0;0;0;0;0;0;0;0;0;0;0;0;0;0;0;19;0;0;0;0;0;0;0;19;6;0;0;0;3;0;0;11;0;0;16;0;11;0;0;0;0;1;0;0;10;0;0;0;5;0;0;0;2;0;0;4;0;17;0;0;0;0;0;0;0;0;12;0;1;0;0;0;0;0;7;0;13;0;0;0;10;0;14;2;13;0;0;14;16;0;0;14;14;0;0;0;0;17;5;19;10;0;2;0;12;0;0;0;0;0;0;0;0;18;0;14;0;17;0;0;0;0;0;6;5;0;13;2;0;0;0;19;0;0;0;0;0;0;11;0;0;7;0;0;18;8;0;0;16;12;0;0;1;10;0;0;0;11;1;0;7;0;13;0;3;0;11;4;0;0;0;0;0;0;0;0;19;0;0;0;0;0;0;8;0;0;0;0;0;0;17;0
5;0;0;0;0;0;10;3;5;0;18;0;0;0;0;2;0;10;0;0;18;8;0;0;18;0;0;16;8;18;0;0;0;0;0;0;0;0;18;10;4;0;0;0;0;0;0;0;0;0;11;0;0;3;0;0;0;0;0;0;0;0;5;0;0;14;0;0;0;0;3;0;8;0;0;1;0;0;0;0;0;0;0;0;6;0;9;1;0;0;12;0;0;0;0;0;14;11;0;0;0;0;0;0;7;0;19;0;0;10;0;0;0;9;0;0;17;7;6;0;0;0;4;6;1;18;0;0;11;0;14;0;0;0;11;0;0;0;0;8;0;8;0;0;0;0;0;0;0;0;0;0;0;0;2;0;0;18;0;0;0;12;15;0;9;0;0;0;15;10;0;0;0;5;0;0;0;6;0;0;19;14;0;0;0;0;0;9;0;0;0;0;0;8;0;0;0;5;0;0;8
0;0;0;0;11;16;0;0;16;0;0;0;8;0;13;0;0;0;0;6;0;0;0;9;0;0;10;0;0;17;0;0;0;0;0;4;0;0;0;14;0;0;3;0;0;0;10;0;0;14;0;0;0;0;0;6;0;0;0;0;0;13;0;3;11;0;5;0;0;3;0;17;12;0;14;9;0;0;3;6;0;0;0;0;0;0;0;19;0;0;9;0;0;0;0;0;0;0;0;0;13;0;0;11;0;10;0;0;19;0;16;0;0;0;8;0;0;14;12;0;2;0;0;0;0;0;0;0;0;0;0;3;0;0;0;0;14;0;12;6;0;0;14;0;3;0;0;0;14;0;0;0;0;0;0;0;0;9;0;0;2;0;0;0;0;0;7;14;0;1;0;0;0;0;0;0;0;4;6;0;0;13;0;5;0;0;19;0;0;15;0;5;0;0;0;0;0;0;12;0;0
13;0;0;0;0;14;17;2;12;3;0;0;0;0;8;0;1;0;0;12;0;0;0;0;19;16;0;19;6;0;16;2;0;0;9;0;11;0;0;0;0;11;0;12;11;0;4;0;0;0;0;0;4;9;0;9;18;0;0;0;0;0;8;13;0;0;12;15;0;0;17;0;0;0;0;0;0;0;0;0;0;0;0;18;0;0;10;0;0;0;4;0;0;1;0;0;0;0;5;0;0;0;0;15;12;0;5;19;8;3;0;8;8;0;0;0;0;0;0;0;0;0;0;19;17;14;7;0;0;8;0;18;0;0;0;0;0;0;18;17;0;0;2;0;0;0;0;0;0;0;0;0;14;0;0;0;0;17;0;0;0;0;0;0;0;0;0;13;0;0;0;4;4;0;12;0;0;1;11;0;0;9;4;0;0;17;1;0;8;15;0;0;8;0;0;4;0;9;0;0;0
6;16;0;0;0;0;0;0;0;12;0;10;0;13;0;0;0;1;9;0;0;15;0;0;6;0;0;0;0;14;2;0;0;0;13;0;0;0;0;0;0;0;0;0;0;5;0;0;0;0;0;0;0;0;3;0;0;0;0;0;18;0;0;0;19;0;0;8;0;8;12;0;0;0;0;0;19;0;0;0;0;0;14;0;13;0;1;0;0;0;0;0;0;0;0;6;0;0;0;0;0;0;0;0;3;0;0;18;0;19;0;0;0;7;0;11;0;0;0;0;0;0;0;7;0;0;0;0;6;0;1;16;0;0;0;1;8;0;2;9;0;1;0;7;0;0;6;0;13;5;0;0;0;0;0;0;0;17;1;7;0;0;1;0;0;0;0;0;0;2;4;2;0;1;0;0;0;0;0;19;0;0;0;12;0;9;0;0;0;0;0;14;0;0;3;5;0;0;0;3;11
0;9;9;14;0;16;0;0;0;8;11;0;0;16;0;8;0;14;0;8;0;0;0;0;0;0;0;0;0;0;0;0;0;0;0;1;0;0;0;11;9;5;0;0;5;0;6;13;0;17;0;0;0;0;1;0;0;12;1;0;0;5;0;0;13;0;0;0;0;0;0;0;0;0;0;0;0;0;0;0;0;0;0;0;0;0;0;0;11;0;0;0;14;0;0;0;1;0;11;5;10;0;0;0;0;0;0;0;7;8;19;0;4;0;5;0;0;16;0;0;10;4;0;4;0;0;0;10;0;16;0;18;0;14;0;0;0;0;0;0;0;0;0;0;0;10;0;0;0;0;2;8;0;0;17;0;0;0;0;0;0;0;0;11;0;0;0;13;0;0;12;0;9;14;0;0;0;13;0;0;0;0;11;0;4;0;0;6;0;0;0;0;0;16;0;0;0;4;2;7;3
0;0;0;0;0;1;0;6;0;0;0;0;0;0;0;1;0;2;0;0;0;10;19;0;0;0;0;0;9;0;0;0;0;7;0;0;5;0;0;0;0;0;0;0;6;0;0;0;14;8;0;19;0;0;8;0;9;0;0;15;11;0;9;0;0;2;0;0;0;0;14;0;0;0;0;0;0;0;18;0;0;11;15;0;0;1;5;8;0;13;0;0;0;10;0;0;10;0;1;0;16;0;0;0;0;0;0;3;18;0;0;2;0;0;0;6;12;0;5;0;0;2;0;11;0;0;0;13;0;0;0;16;0;0;17;0;0;0;0;11;4;0;0;0;0;0;0;0;0;6;10;0;12;0;0;0;0;0;0;0;2;0;0;0;0;0;19;5;0;0;0;0;0;0;11;0;0;9;0;0;0;6;17;0;0;18;0;0;7;0;0;0;7;0;0;0;7;2;0;0;9
0;14;0;0;0;0;0;0;0;0;0;0;0;0;0;0;0;0;0;0;0;0;3;5;0;0;15;0;0;17;0;16;13;0;0;0;0;0;0;0;0;0;0;3;0;19;0;0;0;0;0;0;2;4;0;0;0;0;0;0;15;14;0;0;0;0;0;3;12;1;9;0;0;0;0;0;6;0;0;0;0;10;0;0;0;0;19;0;18;0;0;19;0;0;12;0;0;13;0;5;0;0;0;11;0;16;0;10;0;0;0;0;15;0;11;0;0;14;0;13;0;0;19;0;15;13;0;0;5;0;0;1;0;17;0;0;0;0;0;0;0;0;0;0;0;0;0;7;0;0;0;0;0;4;0;0;3;0;0;0;0;6;0;0;0;0;0;0;0;0;1;0;13;6;9;0;18;17;0;14;0;16;0;0;0;0;0;0;0;0;0;16;0;0;0;0;9;0;0;0;0
0;0;5;0;0;0;8;12;0;0;0;16;0;0;0;0;0;7;8;0;0;0;5;0;8;0;0;0;0;0;0;12;0;8;0;3;0;19;0;0;0;11;0;8;4;3;0;0;0;0;0;0;0;0;0;0;16;0;0;0;0;15;8;19;0;0;0;0;0;0;0;0;19;0;0;6;0;0;0;10;0;3;0;9;0;4;16;0;0;6;4;0;6;0;0;2;0;9;0;11;0;0;9;3;7;0;16;10;0;0;0;0;0;0;0;14;2;0;0;11;0;0;0;0;0;4;0;8;0;1;0;7;0;2;11;0;0;0;0;0;14;0;16;0;0;0;0;0;6;0;0;0;0;0;0;9;18;9;0;0;15;15;0;0;0;17;8;0;6;0;0;0;0;13;0;6;0;0;0;17;0;0;0;0;0;0;0;0;0;12;5;0;18;0;6;0;0;11;0;11;0
0;0;0;0;0;0;0;0;0;0;10;0;1;19;0;0;0;0;0;0;0;15;7;0;0;0;0;0;0;13;0;0;19;0;12;0;0;0;9;0;14;0;0;0;9;0;7;0;2;0;0;11;0;10;0;0;0;0;0;0;11;0;0;0;0;0;15;0;1;0;0;0;0;0;0;0;0;0;0;12;0;0;0;0;0;0;0;0;0;0;0;3;8;0;0;16;0;0;14;0;0;13;2;7;0;0;0;19;0;13;7;0;0;14;0;17;0;0;0;0;0;0;1;0;0;0;7;0;0;0;0;11;0;13;2;0;16;0;12;0;7;0;0;0;18;5;0;0;0;14;12;0;14;17;0;0;11;9;0;9;0;18;0;0;0;7;0;0;0;0;0;9;4;0;0;0;11;0;4;0;0;0;5;0;0;0;7;0;6;0;0;0;14;2;0;0;0;0;0;0;0
0;0;0;0;2;4;9;18;0;0;0;0;0;0;0;8;0;0;0;0;0;0;0;0;0;0;0;0;0;19;0;0;0;0;14;4;0;0;8;0;0;16;0;0;0;0;0;0;0;17;0;0;0;13;9;14;0;0;8;0;0;14;0;0;0;0;0;0;0;0;3;0;0;0;18;0;0;0;0;0;0;17;0;0;0;0;12;0;0;0;17;0;0;3;5;0;0;0;0;0;0;0;0;0;0;9;9;0;18;0;12;0;0;0;12;0;4;16;0;0;0;0;3;0;0;0;18;0;9;0;0;0;7;0;15;0;0;0;0;17;18;12;0;0;0;0;0;0;0;14;16;0;5;0;0;1;0;4;0;0;0;13;0;0;0;0;0;0;14;18;8;0;0;0;18;2;0;0;2;17;0;3;0;0;0;7;0;0;0;2;16;0;10;15;0;2;0;0;10;7;13
0;0;0;0;0;5;16;17;0;0;0;0;0;19;10;0;17;0;0;16;13;0;17;0;2;0;0;0;0;0;0;0;2;2;0;0;0;15;9;0;0;0;0;0;0;0;17;0;0;13;0;0;0;0;0;0;0;0;0;0;8;0;0;0;0;0;5;0;0;0;6;0;0;0;0;0;10;12;0;0;0;0;1;18;0;6;5;0;0;0;0;0;0;0;0;0;0;0;19;12;2;0;0;0;0;10;16;0;0;0;0;0;4;0;0;0;0;0;13;18;0;0;0;0;0;8;1;0;1;0;1;7;0;0;0;0;0;14;0;5;0;0;0;0;0;12;0;0;15;0;0;0;4;0;0;0;1;0;0;0;0;19;0;0;0;0;0;16;14;0;0;0;0;0;2;16;13;0;0;0;0;14;0;12;3;0;0;0;0;0;0;14;0;0;16;0;0;4;19;0;0
0;7;0;1;0;0;0;17;3;0;6;0;16;0;0;0;0;5;0;0;0;0;0;0;0;0;0;7;3;0;0;0;0;0;0;0;1;0;0;0;3;10;0;0;0;0;0;0;0;0;0;0;0;0;12;14;8;9;0;0;11;3;3;3;0;0;0;14;0;0;0;0;0;0;0;0;0;0;0;0;0;0;0;0;11;0;4;7;0;13;15;0;3;2;0;0;0;0;0;0;0;0;0;0;0;8;0;0;0;0;0;9;0;7;0;0;0;7;3;5;0;0;0;15;16;0;13;0;0;0;0;0;14;9;2;13;0;12;0;0;0;0;0;0;0;17;11;19;0;18;0;0;0;5;0;0;0;0;12;15;17;16;15;0;13;0;0;0;0;8;4;0;0;0;0;0;0;19;0;0;18;0;18;0;5;0;0;0;0;13;0;0;14;0;0;0;9;0;12;0;0
0;0;4;18;0;0;2;0;18;0;0;19;0;0;0;0;0;2;7;0;7;0;3;0;9;0;0;0;0;9;0;0;0;0;0;0;4;0;0;0;0;0;0;0;16;6;0;0;0;2;2;0;0;0;0;0;0;0;13;0;0;15;0;0;14;0;0;0;0;0;0;0;0;0;11;10;3;0;17;0;0;0;0;0;0;16;0;0;0;0;0;10;5;0;19;0;0;18;0;9;0;0;17;9;5;4;16;8;0;0;0;19;0;0;3;0;2;3;0;17;16;18;3;18;3;16;0;11;13;0;4;0;0;0;0;0;0;0;13;4;0;0;0;0;0;0;6;17;0;0;0;0;0;0;16;0;0;0;0;0;0;8;0;0;0;0;0;0;0;0;5;0;0;14;0;2;0;4;0;0;0;0;0;7;0;0;0;0;0;19;0;12;0;4;0;0;0;0;0;3;0
12;0;0;0;0;0;0;0;0;6;0;0;0;13;0;17;0;11;16;0;0;0;15;3;0;0;0;8;5;0;0;0;0;0;0;0;7;0;0;18;0;0;0;0;0;7;0;3;0;0;0;0;0;0;0;0;0;5;0;11;5;0;0;6;0;10;0;0;0;0;0;0;14;0;15;0;0;0;0;1;0;0;0;0;0;11;0;10;0;17;0;8;0;0;7;0;0;0;0;1;0;1;0;0;0;0;0;0;0;0;8;0;0;12;0;9;0;13;0;13;0;19;0;2;0;19;0;0;0;0;0;0;0;0;12;0;0;0;0;0;0;0;0;0;0;0;19;0;0;0;0;0;0;19;0;0;0;0;0;4;0;0;7;0;0;18;7;0;0;0;15;0;0;0;0;14;16;0;4;0;0;0;8;0;8;0;14;0;0;0;3;0;0;6;0;0;0;0;4;0;12
0;0;0;0;7;0;0;0;0;3;0;0;0;0;0;12;0;2;0;0;0;0;0;0;0;11;0;8;16;0;17;19;0;16;0;5;0;0;0;0;0;0;4;3;8;15;0;0;0;0;1;0;0;0;0;1;0;0;2;0;19;0;0;0;0;17;17;0;7;0;0;18;0;0;0;0;9;0;0;18;0;0;0;0;1;16;0;0;5;0;0;16;0;0;0;3;0;9;4;0;0;10;0;0;0;9;0;13;0;0;0;0;15;14;5;0;3;0;0;0;0;16;0;0;2;0;8;0;0;0;0;0;0;0;0;0;0;0;16;12;0;0;19;0;0;0;0;18;0;0;18;0;0;5;0;0;3;0;0;0;0;0;0;0;0;17;0;0;7;0;0;7;0;0;16;2;16;0;0;0;0;0;0;0;0;0;0;17;0;0;0;0;0;0;0;0;0;0;0;17;0
10;0;0;0;0;0;0;14;0;0;0;0;3;11;3;3;12;5;11;13;0;0;0;0;0;0;0;0;14;0;0;1;5;0;0;0;0;0;0;0;7;0;7;0;3;0;0;0;0;0;0;0;0;17;3;0;0;0;0;0;0;8;0;0;0;0;15;18;0;6;0;0;13;0;0;0;0;0;0;0;11;0;0;1;0;0;0;0;0;5;0;0;0;0;0;0;0;18;17;0;0;0;14;0;0;12;0;0;4;0;0;0;0;0;0;0;0;0;10;0;0;4;4;0;0;0;0;0;12;12;0;0;0;0;0;0;0;0;0;10;0;0;13;13;0;16;0;0;0;19;0;0;0;5;17;5;8;0;0;0;0;0;0;0;7;3;18;9;0;0;0;15;0;0;0;0;10;0;0;14;0;0;0;0;0;0;0;0;0;0;9;18;0;0;0;0;11;0;7;12;4
18;1;0;0;0;0;0;16;17;0;0;0;0;0;9;9;0;8;18;13;19;0;0;0;16;0;0;0;0;0;0;0;0;0;0;0;11;0;12;0;0;0;0;9;0;9;0;0;0;0;0;0;0;0;15;13;0;0;0;18;0;0;0;5;0;12;0;0;13;0;0;0;0;0;1;0;4;0;0;6;0;16;11;16;0;0;0;0;0;0;0;13;0;0;0;0;0;0;0;0;0;0;0;11;14;0;0;0;10;0;0;0;0;0;0;0;0;14;0;0;0;0;0;13;0;0;0;3;0;0;0;0;0;0;0;0;0;0;17;15;0;11;0;0;0;0;5;0;0;0;0;0;14;6;0;0;0;0;0;0;18;0;0;1;0;15;0;0;0;0;6;0;0;9;0;0;6;0;1;17;0;0;0;0;0;4;7;6;15;0;0;0;0;0;0;0;0;0;12;0;0
0;0;17;13;0;15;0;8;0;11;0;0;3;0;0;4;0;6;0;0;0;0;0;0;0;0;19;1;12;19;0;0;0;18;0;12;5;0;1;4;3;3;13;0;0;9;9;0;0;17;8;11;0;0;0;0;0;8;13;0;13;0;0;0;0;0;0;3;0;9;0;10;1;0;5;19;16;0;12;5;4;0;0;0;0;0;0;14;12;1;10;0;0;16;6;0;0;0;0;0;0;0;0;8;17;0;0;0;14;0;0;14;2;16;9;14;0;8;0;0;0;0;0;0;0;15;0;16;19;0;0;0;0;0;0;0;0;0;0;0;3;0;0;0;0;0;0;8;3;0;0;12;5;13;16;0;0;0;4;0;14;0;0;1;0;0;0;0;5;0;0;0;0;19;0;0;0;0;3;0;3;0;0;13;0;0;0;0;0;0;8;0;0;0;0;0;0;0;0;0;8
0;0;0;0;0;19;0;0;0;0;0;0;0;0;0;10;0;0;0;0;0;0;0;0;0;0;0;0;0;0;0;17;0;4;0;4;3;17;0;0;15;0;0;0;4;15;0;0;0;0;0;12;9;0;14;8;0;13;7;0;0;0;0;0;12;8;0;0;0;1;19;0;0;0;8;0;0;0;0;0;7;0;10;0;0;0;14;0;10;0;11;0;0;13;0;0;17;0;17;0;18;0;0;0;0;0;0;0;0;10;0;0;11;0;15;0;0;17;2;13;17;0;0;18;0;1;15;0;19;15;19;17;13;0;0;0;14;5;0;0;3;7;0;12;0;0;0;14;0;8;0;0;0;0;0;0;0;0;0;9;17;0;0;0;13;0;0;10;10;0;1;12;0;0;0;0;17;0;0;0;0;0;0;0;0;7;9;0;0;0;0;18;0;3;11;9;17;16;18;0;0
0;0;0;0;4;0;13;0;0;0;0;0;0;8;0;0;0;19;0;0;17;2;0;0;14;0;14;0;0;0;12;18;0;0;0;0;0;15;0;0;0;0;0;0;3;0;0;2;0;0;0;0;0;0;12;0;0;13;0;0;0;0;0;14;0;7;0;0;0;0;0;0;0;11;0;18;0;0;0;0;0;0;0;5;0;0;12;10;0;0;18;0;0;0;0;0;7;0;0;0;0;0;0;14;0;0;0;3;15;0;0;0;11;0;0;0;14;0;0;0;0;0;9;0;6;0;0;0;0;0;12;0;0;0;0;0;7;0;0;5;0;7;0;0;2;0;0;0;0;0;0;0;2;0;0;0;0;0;0;0;0;0;0;18;0;0;5;3;0;0;15;16;0;0;0;0;0;18;17;0;0;0;4;0;8;0;0;7;0;0;0;2;0;0;0;0;0;0;0;7;0
0;0;3;0;6;6;0;0;0;0;0;2;13;0;0;0;0;0;0;0;0;0;0;0;0;0;0;16;0;0;0;0;5;0;0;0;0;0;0;0;0;0;0;0;0;0;19;0;0;16;0;0;0;13;2;0;10;5;0;0;0;0;0;0;0;11;14;7;10;0;0;0;0;0;13;0;6;0;0;0;13;0;17;0;5;0;1;0;0;0;0;0;0;0;0;0;0;0;0;0;13;0;0;0;5;0;0;8;3;0;0;18;17;2;0;0;0;0;7;0;0;18;0;3;18;0;6;0;12;0;14;0;5;0;0;15;0;19;0;0;0;0;0;3;0;0;3;0;18;0;0;13;15;0;0;0;0;0;0;0;0;0;0;0;0;5;0;6;0;8;0;0;0;0;5;0;0;0;0;3;0;13;0;0;4;0;0;0;0;16;6;0;19;0;0;0;12;0;8;0;0
0;15;9;0;0;0;0;0;0;13;6;7;0;0;0;0;0;2;0;0;11;0;2;5;0;17;0;8;0;0;0;7;9;0;1;0;9;0;0;0;0;0;10;14;0;0;0;0;0;0;0;11;0;17;17;0;0;0;19;16;0;0;0;0;0;0;4;0;0;12;9;4;0;0;0;0;4;0;17;0;15;0;0;0;0;0;10;11;18;0;0;0;0;0;13;0;14;0;0;0;10;0;0;0;0;0;4;0;0;0;0;0;0;18;2;0;0;0;0;15;0;0;16;9;0;0;0;0;0;0;0;0;0;17;0;7;0;0;0;0;0;0;0;2;7;5;0;6;0;15;0;0;0;0;18;9;0;0;0;0;0;7;0;0;0;0;0;0;0;19;4;0;0;18;0;0;2;0;0;0;0;3;0;12;0;0;0;0;0;0;0;0;0;0;0;12;0;4;4;3;0
0;0;0;0;0;17;0;9;0;0;0;12;11;13;5;0;7;19;0;0;0;0;0;0;2;0;0;13;0;3;0;0;0;0;0;0;0;0;9;0;0;0;0;4;0;12;19;10;0;0;0;2;0;0;0;0;0;0;0;5;18;0;14;0;0;0;0;8;14;0;0;0;0;0;0;19;0;3;0;0;0;10;8;16;0;13;0;0;0;0;0;0;0;13;0;0;0;0;2;3;0;5;0;12;15;6;8;15;8;16;0;0;0;11;0;0;0;0;0;0;0;6;0;0;0;0;0;0;0;0;0;0;0;0;0;0;18;0;6;0;0;0;0;12;0;4;11;3;2;0;0;0;0;0;0;0;0;0;0;0;10;0;14;0;10;0;0;6;0;4;0;0;0;9;0;16;0;2;0;0;0;0;0;14;6;17;0;0;5;0;14;0;0;0;0;0;14;10;12;9;3
6;0;0;0;0;0;0;6;0;0;0;0;1;0;0;9;13;0;0;0;0;0;0;0;0;0;0;16;11;0;1;0;1;0;0;16;0;0;0;0;0;0;0;0;18;7;1;0;0;0;0;14;8;0;7;0;0;10;9;0;0;0;19;5;8;7;10;0;2;0;0;0;0;14;0;0;6;8;0;0;3;5;0;0;0;0;0;0;0;0;0;0;0;0;5;0;8;17;0;0;0;0;0;0;19;7;0;0;0;1;0;0;0;0;0;0;8;0;0;0;17;0;0;0;18;14;0;0;0;8;0;0;0;6;0;0;0;13;4;0;0;0;0;0;0;3;15;0;0;0;4;0;3;4;3;0;0;0;0;0;4;0;8;0;0;0;0;17;0;0;0;0;0;0;0;0;6;0;0;0;0;8;0;0;6;0;0;0;0;0;0;0;0;0;1;0;0;4;0;0;0
0;0;5;0;0;0;5;0;0;0;0;19;0;15;11;0;0;14;0;0;0;0;0;0;18;15;0;14;5;0;0;0;0;0;0;0;0;0;16;0;0;0;0;7;0;6;13;12;0;0;0;2;0;0;18;0;0;0;0;0;0;0;0;11;3;0;17;11;13;0;0;1;0;0;10;0;0;0;3;0;2;0;0;0;0;0;16;13;0;0;0;13;0;0;0;3;0;4;14;8;0;0;4;0;0;0;0;0;0;14;12;0;0;15;0;0;4;0;3;0;0;0;0;5;0;14;0;0;0;6;8;0;0;18;16;0;6;0;0;5;0;0;18;0;0;0;0;4;0;0;0;11;0;0;0;0;0;0;0;0;0;0;0;0;0;0;0;0;0;0;2;10;17;18;0;3;4;0;0;0;0;0;0;0;0;19;0;0;0;0;14;0;0;0;6;0;0;14;4;0;0
0;12;0;16;1;0;0;0;0;0;0;0;4;15;0;0;0;0;0;0;0;0;0;0;14;0;0;0;13;0;0;0;0;19;0;0;16;0;16;11;0;0;19;0;0;2;0;0;8;0;3;0;1;4;10;0;19;0;0;0;0;2;0;0;5;0;2;0;0;0;0;0;0;0;0;12;0;0;5;0;0;19;7;0;0;0;6;0;0;0;13;0;5;0;0;0;0;11;0;0;0;4;0;12;0;0;0;0;0;0;0;0;0;0;0;0;0;0;0;0;9;0;0;0;0;2;0;0;0;17;0;0;0;0;0;0;0;10;0;4;0;0;0;0;0;17;0;0;0;0;0;1;0;0;0;0;4;13;0;8;0;0;0;0;0;10;15;0;0;0;6;0;0;0;0;0;0;0;0;0;0;16;0;14;0;0;0;8;0;0;6;9;0;0;0;0;0;13;10;0;0
7;0;0;0;0;0;0;0;14;0;0;7;0;10;8;16;0;0;0;6;13;0;0;5;0;0;0;0;0;0;0;0;0;0;0;0;1;0;11;0;0;0;12;0;0;1;0;0;16;9;10;0;15;0;8;0;12;0;0;0;0;0;0;0;0;0;19;0;0;0;0;0;6;0;0;0;2;16;0;0;0;0;0;3;0;0;0;0;0;0;0;0;0;3;0;0;0;0;0;14;0;19;0;6;0;0;0;7;0;0;0;0;0;0;10;19;0;0;19;0;0;6;0;0;0;0;0;0;0;0;2;0;0;5;0;0;0;15;0;14;0;18;2;0;11;0;7;16;0;5;0;0;16;0;0;0;9;0;2;0;0;17;0;0;6;0;12;0;0;0;0;8;0;2;0;0;0;8;0;0;8;0;12;0;5;0;9;0;3;0;18;0;0;0;11;0;0;0;0;3;0
3;10;0;0;8;14;0;0;7;0;18;11;0;0;0;0;0;0;0;0;0;0;10;2;5;0;0;0;0;0;14;0;0;0;0;12;0;0;0;0;0;15;0;5;2;7;0;0;5;0;3;0;0;0;0;13;0;0;0;0;19;14;0;0;4;0;0;0;14;14;0;0;0;1;10;0;0;0;0;0;0;0;0;0;0;0;0;17;7;0;14;0;8;0;0;0;0;14;13;6;0;9;3;0;0;8;0;0;0;0;0;0;0;0;0;0;12;0;8;0;0;11;0;0;10;0;0;0;4;0;0;0;0;0;0;18;17;5;11;11;6;0;0;12;0;0;12;0;11;15;0;7;0;0;0;0;0;3;0;0;1;0;3;18;18;0;0;0;0;0;5;0;0;0;0;0;0;0;0;0;13;0;0;12;1;13;0;14;0;0;0;6;0;0;0;0;0;15;0;16;0
15;0;0;0;0;0;0;0;0;0;9;17;0;0;2;0;0;0;0;14;0;0;7;0;0;0;0;1;0;0;0;17;18;0;0;0;14;13;5;0;0;8;0;0;18;0;9;0;0;0;14;0;0;0;0;0;0;0;6;9;0;0;0;14;6;0;0;0;16;11;0;0;0;0;0;13;9;0;0;0;0;18;0;9;18;0;0;0;0;0;0;0;17;4;11;0;14;0;0;0;16;0;0;0;15;3;0;16;0;0;0;0;18;0;8;0;0;0;0;8;1;0;10;8;12;8;0;1;18;0;0;0;14;0;0;0;15;0;0;0;11;0;0;0;0;0;0;0;0;18;0;0;0;0;0;0;0;0;4;0;0;0;3;0;0;0;0;0;0;0;7;0;0;11;15;0;0;0;0;0;0;0;3;0;0;6;15;0;0;0;0;0;0;0;0;0;0;0;9;0;19
7;0;0;1;0;0;0;0;0;0;5;8;13;0;0;0;0;0;11;0;0;9;16;0;0;0;0;0;2;0;0;16;0;0;0;0;0;0;0;0;0;0;15;0;0;0;12;0;0;17;0;17;0;0;0;0;0;0;5;0;0;0;5;0;0;0;0;0;0;0;0;5;0;11;1;0;0;14;0;19;0;0;0;4;17;0;0;17;0;0;0;2;0;14;0;0;13;0;0;0;0;0;0;0;19;11;15;0;3;0;0;0;0;14;0;0;0;0;0;0;17;0;0;0;0;10;0;9;0;11;0;0;5;0;0;0;17;0;0;0;5;0;0;0;0;0;6;9;0;6;0;8;0;0;0;0;0;0;19;2;14;0;0;0;0;0;0;0;0;0;5;0;0;14;0;17;0;0;13;0;0;0;0;0;0;0;12;16;0;7;0;0;7;19;0;19;0;1;19;0;6
0;0;0;0;0;0;0;0;0;0;0;0;0;0;0;0;0;13;18;13;0;3;0;0;0;0;0;9;10;0;0;0;0;0;0;0;0;1;12;16;0;0;3;0;0;0;0;2;0;0;0;0;0;1;0;0;0;0;0;0;0;0;0;7;1;0;5;14;0;0;0;0;0;5;0;5;11;0;0;12;0;9;1;0;0;0;0;0;0;0;0;3;0;8;0;14;6;0;0;0;13;0;0;0;14;0;4;9;0;0;0;0;0;0;0;0;14;14;0;0;0;0;0;0;0;0;0;1;0;0;7;4;0;1;0;0;12;0;0;16;0;0;0;1;0;0;0;0;0;19;19;0;0;13;0;0;0;0;4;0;0;0;0;0;0;0;0;0;3;12;10;0;0;7;0;0;0;0;0;0;0;0;0;7;16;0;4;0;0;0;0;9;0;0;15;19;11;0;5;0;1
0;0;2;9;3;7;18;14;0;0;0;0;17;0;0;0;10;0;0;0;0;0;0;3;16;11;0;0;0;4;0;17;0;7;0;0;0;17;0;9;0;5;0;0;0;1;0;0;0;0;0;15;0;0;0;0;0;0;0;0;0;9;0;0;0;16;3;0;14;0;13;0;0;10;16;0;0;0;0;2;0;0;0;0;0;0;0;18;0;13;10;0;0;0;0;0;0;16;0;13;0;11;0;1;0;0;0;4;13;0;0;15;1;19;0;0;8;0;0;0;3;0;15;0;11;10;11;0;0;7;0;0;0;0;0;16;8;18;0;0;0;0;0;0;3;14;19;0;0;0;0;14;0;9;0;0;0;0;14;13;0;0;0;3;0;11;5;0;0;0;0;0;0;15;0;14;0;1;0;0;7;0;3;3;0;9;3;6;7;0;4;0;3;2;0;0;11;0;0;0;0
0;13;12;13;14;0;0;13;0;18;0;12;0;0;0;0;0;0;3;0;0;0;15;18;8;0;0;0;0;0;9;0;0;0;0;0;0;0;0;0;0;11;0;0;4;0;19;11;0;0;8;0;0;0;0;0;0;0;0;0;0;0;13;0;0;0;10;0;14;0;0;0;0;0;0;0;0;13;0;0;0;0;1;10;0;0;0;0;0;0;0;5;0;0;4;19;9;0;0;0;11;0;0;0;9;0;0;0;0;0;0;10;7;0;0;11;0;15;0;0;15;0;0;0;7;0;0;0;16;13;0;11;0;0;10;0;0;0;0;0;0;0;0;8;16;10;0;0;0;0;0;0;0;9;0;3;0;14;0;0;0;1;0;0;0;5;6;0;0;0;1;13;9;16;0;0;0;0;16;0;0;0;0;16;0;0;0;0;0;0;0;0;0;13;0;0;0;0;0;0;0
0;0;0;12;0;0;0;4;11;0;0;19;0;0;0;0;0;12;0;2;0;0;0;0;13;0;0;0;0;0;1;0;0;0;0;0;0;0;0;14;0;0;5;0;0;0;0;2;0;0;0;0;0;0;18;2;0;3;0;0;0;1;5;0;0;0;16;0;0;0;0;0;0;0;0;0;9;2;0;0;0;17;0;0;14;0;0;0;0;0;0;0;0;4;0;0;3;0;0;0;0;0;0;0;0;0;0;19;0;0;8;0;18;0;7;0;13;0;0;0;0;0;8;0;0;5;0;0;0;0;0;4;8;0;0;0;6;0;14;0;0;0;0;4;0;0;0;0;0;18;0;0;2;0;0;0;0;17;0;0;0;0;3;14;0;9;0;0;8;0;0;0;0;0;0;12;4;3;0;0;0;0;0;0;0;0;0;0;0;0;0;0;11;0;0;0;10;0;0;0;0
0;0;11;7;0;5;0;0;9;0;0;9;0;0;0;1;0;0;0;0;0;0;17;0;1;0;0;2;0;0;0;0;0;0;14;0;0;5;5;4;18;0;0;0;13;0;0;11;16;0;0;0;0;0;0;3;0;13;13;6;0;0;17;2;0;0;9;0;0;0;11;15;0;0;0;11;3;7;0;0;0;9;0;0;0;11;8;0;14;0;0;12;0;0;12;6;0;0;0;0;1;0;0;0;0;3;0;0;0;6;0;19;13;0;0;0;0;0;0;0;0;0;10;0;9;9;5;6;17;0;8;0;0;0;11;0;16;4;19;0;0;6;16;0;0;0;12;0;9;0;0;12;0;1;0;0;0;0;0;0;1;0;0;2;0;6;0;0;0;0;2;14;0;0;0;0;0;0;0;0;0;0;0;5;0;6;2;0;0;0;0;0;0;0;0;0;0;4;0;0;9
0;0;6;9;9;0;0;11;0;0;0;0;0;18;0;0;0;7;0;0;0;0;0;0;1;0;0;0;15;5;14;0;0;0;6;1;0;13;0;19;0;0;0;0;0;0;7;6;0;0;0;0;0;0;12;0;0;0;0;0;3;0;11;0;0;4;5;0;0;7;0;12;3;0;0;0;7;0;0;0;0;5;0;0;0;14;17;0;0;5;0;15;19;0;0;0;0;15;19;14;0;9;0;0;0;0;0;0;0;0;0;0;0;18;0;0;0;0;0;0;0;0;0;0;7;0;0;3;5;14;0;0;0;0;17;0;0;0;6;0;0;0;0;0;2;0;0;12;11;0;12;0;0;5;0;0;4;0;16;0;0;0;0;0;0;18;0;0;0;0;0;0;0;0;11;10;0;13;0;0;19;0;0;0;0;0;0;0;0;0;10;15;0;0;2;13;0;19;0;0;16
6;0;0;13;0;14;0;0;12;0;0;0;0;0;0;8;0;0;12;0;0;4;14;0;10;12;0;0;6;18;16;0;18;13;0;7;1;0;0;4;7;4;0;0;0;17;0;14;12;0;9;10;19;0;0;1;8;0;0;3;9;17;0;0;0;0;0;0;0;0;10;0;0;0;0;16;0;0;9;10;8;4;0;9;12;0;0;0;0;0;0;6;7;0;0;0;8;3;11;0;0;0;0;3;0;0;0;0;0;0;0;8;0;0;1;0;1;0;0;18;13;0;18;0;9;0;11;6;0;0;0;0;0;1;0;0;0;0;0;0;0;0;0;0;19;10;0;0;7;0;19;0;0;9;0;0;0;0;0;0;6;0;9;0;0;7;0;11;0;0;0;0;0;0;15;0;0;0;0;12;5;0;0;0;0;0;0;15;0;0;0;0;0;5;4;0;0;0;1;0;0
0;0;0;4;0;0;1;0;0;0;0;14;0;0;0;0;0;14;0;2;0;0;11;0;0;0;17;10;0;0;0;0;2;0;0;17;0;19;0;6;11;0;0;12;0;7;9;0;0;0;0;0;0;0;0;0;1;2;0;0;5;0;3;0;0;6;0;0;17;19;0;5;0;0;0;0;16;0;9;16;0;16;0;0;0;0;0;0;0;0;4;8;0;0;0;0;0;0;15;4;0;0;0;0;0;0;0;10;0;0;0;14;5;0;0;11;0;19;16;0;13;0;18;0;0;0;0;0;0;11;11;0;15;0;0;0;0;0;0;0;0;0;0;13;4;0;0;4;0;17;16;0;0;0;0;0;0;5;0;0;0;0;0;0;0;0;0;0;0;0;0;0;14;0;6;13;0;10;12;18;0;0;0;0;0;0;1;12;13;7;0;1;16;0;18;0;0;0;0;19;0
0;0;18;0;0;0;0;15;0;0;0;0;0;16;0;0;9;19;18;0;2;0;0;14;0;0;0;0;0;0;0;0;0;14;0;0;0;0;0;0;0;0;6;0;0;0;0;0;0;0;0;0;0;0;0;0;0;12;0;0;15;0;0;15;2;0;0;0;5;0;0;19;18;0;3;10;10;19;0;0;0;8;0;13;0;0;0;0;3;8;0;15;0;0;0;7;0;16;0;9;4;0;19;0;0;0;10;0;0;0;1;0;0;0;10;0;13;7;0;0;0;0;0;0;0;0;0;0;0;0;0;0;0;0;0;15;0;0;0;0;18;0;3;0;11;7;0;13;8;0;11;13;0;0;19;0;0;0;0;1;0;0;0;0;0;0;0;13;0;0;0;0;0;7;0;10;0;0;0;1;0;0;0;0;0;0;0;0;14;13;0;0;0;0;4;0;3;0;0;0;0
0;0;0;0;0;0;14;0;0;0;0;0;0;16;18;0;1;16;0;0;0;0;0;8;19;0;14;0;0;19;10;0;0;0;0;0;0;16;0;0;0;7;0;0;0;0;12;15;0;0;0;0;1;15;0;0;0;0;0;8;0;1;0;0;0;0;0;0;19;0;19;8;0;7;18;0;0;0;18;0;0;0;0;0;4;10;14;0;15;3;0;8;0;0;0;0;0;0;3;0;13;0;0;0;0;0;0;0;0;11;0;14;0;0;0;0;2;8;0;0;0;7;0;0;0;0;0;0;0;7;4;0;0;5;0;16;0;0;0;17;0;10;0;0;0;0;0;0;0;3;12;12;1;0;0;11;0;0;0;0;0;0;0;0;0;0;0;17;0;0;0;0;0;0;5;0;0;0;0;0;0;0;0;16;0;0;0;0;3;0;16;0;8;0;0;0;5;11;0;13;0
0;0;0;0;0;0;0;0;0;0;10;0;0;0;0;0;12;0;0;0;0;0;0;4;0;16;17;0;0;0;0;0;6;6;19;0;0;0;5;0;0;0;0;0;0;0;12;0;0;2;0;5;0;3;0;0;0;16;0;0;4;0;17;0;0;0;6;0;10;10;0;3;19;8;0;0;0;13;0;0;0;0;0;0;0;0;0;10;0;0;0;16;1;14;0;0;0;0;0;0;0;0;0;6;0;0;0;0;11;0;0;12;0;0;8;0;16;0;0;0;0;0;0;0;0;11;0;0;0;14;0;18;0;0;0;0;0;0;0;0;2;8;0;0;10;7;0;7;3;9;5;0;0;0;0;14;0;0;17;0;0;2;0;0;7;0;0;0;1;0;12;0;2;0;1;0;6;11;18;0;9;0;0;0;0;0;0;0;0;11;0;0;0;4;0;0;6;17;17;3;0
0;17;11;0;7;0;0;1;0;17;4;0;0;0;0;0;0;0;6;0;0;0;0;0;17;0;0;13;0;9;0;0;0;0;0;0;0;0;0;0;6;0;3;0;0;5;0;0;10;0;0;0;0;0;0;0;0;6;0;0;0;6;6;0;0;0;0;0;0;0;16;0;0;19;0;0;0;7;12;0;0;0;8;0;0;0;0;0;0;0;0;0;0;12;0;0;0;0;0;0;0;0;8;0;0;0;0;1;0;0;0;0;0;0;0;0;0;0;0;0;0;0;0;4;0;0;0;0;0;14;2;0;0;0;0;0;0;0;0;0;0;14;12;0;11;0;0;0;0;0;0;0;0;0;0;5;0;0;0;0;0;0;2;0;0;0;0;0;9;0;0;0;0;12;0;0;1;0;0;0;3;17;0;0;0;0;2;0;0;0;0;6;0;4;0;0;0;0;0;0;0
0;13;0;7;0;12;0;0;0;0;0;0;0;0;0;9;13;16;0;0;1;0;9;0;0;9;0;5;6;5;0;0;0;12;0;0;19;0;4;0;0;0;5;19;0;7;0;0;0;0;3;1;12;1;0;0;1;0;0;0;15;0;19;3;0;0;0;0;2;0;0;8;0;0;2;0;0;0;0;0;9;19;0;0;0;0;14;0;0;18;0;0;0;0;0;0;0;0;0;0;15;10;0;19;0;8;14;0;14;12;0;0;18;0;18;0;0;0;0;0;0;1;0;0;0;0;0;0;0;0;3;0;0;0;0;11;0;0;0;0;0;0;0;0;15;13;0;5;0;2;7;0;16;0;0;0;0;0;11;0;9;0;0;0;0;15;0;0;0;0;0;0;14;0;0;0;0;0;2;0;4;0;0;5;0;0;0;14;19;0;5;0;0;0;0;0;0;0;0;12;0
5;13;6;0;3;8;13;0;0;0;15;4;0;0;4;2;0;2;0;0;14;0;10;0;0;0;1;0;0;0;0;0;0;0;0;0;0;0;0;0;0;0;0;9;0;0;0;9;10;17;0;0;0;0;0;3;0;0;19;0;10;16;0;0;0;0;0;0;0;0;0;8;0;4;0;15;0;0;0;4;0;0;0;15;0;0;2;11;11;17;0;0;0;0;0;0;0;18;0;0;1;7;18;13;0;0;5;0;0;0;0;18;0;7;0;0;0;0;0;0;0;0;0;0;0;0;0;7;0;19;11;5;0;15;11;0;0;0;0;0;0;0;16;3;15;0;0;0;0;0;0;0;2;0;0;0;0;0;0;0;1;0;0;0;0;0;0;0;0;1;0;0;0;0;0;0;0;0;0;0;7;18;0;0;0;1;0;0;1;15;0;0;0;0;0;0;0;0;7;0;0
12;0;0;0;0;0;0;0;0;0;13;0;9;4;0;0;0;0;18;5;0;0;0;0;0;15;0;4;0;5;10;10;0;1;0;0;0;0;0;0;17;0;3;3;10;11;5;0;16;0;0;0;0;0;0;0;0;4;12;0;0;10;0;0;0;0;0;11;12;9;0;0;7;0;0;0;0;14;0;0;7;0;12;14;0;0;16;0;0;2;18;11;0;15;0;0;0;0;14;0;19;0;0;0;18;0;0;0;0;0;0;0;7;0;0;0;0;0;3;0;13;0;0;0;0;7;0;0;0;0;8;10;0;0;0;0;6;0;19;6;0;0;0;0;7;0;0;5;0;0;0;0;1;2;0;0;0;0;0;0;0;2;13;18;7;0;0;0;0;0;0;0;10;3;0;10;0;0;8;0;0;0;0;14;0;18;2;0;0;0;0;0;17;0;17;0;0;9;0;19;0
0;3;0;0;0;3;0;0;0;0;7;17;16;0;0;0;0;0;0;0;0;1;3;0;0;0;17;0;4;0;16;0;0;0;0;17;10;0;16;16;0;0;0;1;0;2;0;19;0;0;10;0;10;0;0;0;0;0;17;0;18;0;7;5;10;0;0;0;0;0;8;0;0;5;0;11;0;0;12;0;0;3;0;5;0;0;9;15;0;0;2;0;0;0;0;10;0;8;0;0;0;0;7;0;0;1;0;10;0;8;0;18;0;0;0;0;0;0;0;0;0;0;4;10;0;17;0;0;10;2;18;1;0;19;12;1;0;0;0;0;0;0;0;0;9;0;17;0;0;7;0;17;0;0;0;0;17;17;0;0;5;16;0;0;0;0;0;0;19;0;15;17;0;1;16;0;17;0;0;0;0;0;9;0;0;0;15;0;10;0;0;6;0;0;10;0;0;17;0;0;9
0;0;8;0;0;0;17;19;0;0;10;0;7;0;10;0;0;0;0;0;0;0;13;1;0;0;0;0;10;0;0;0;0;1;8;0;14;1;0;0;14;0;0;0;0;0;0;0;18;17;0;0;0;0;16;0;16;0;0;9;5;0;0;2;4;0;3;5;0;0;0;0;11;0;6;0;14;17;0;0;0;0;9;0;0;0;14;0;0;0;0;0;0;0;0;19;0;0;0;0;0;11;0;0;0;0;11;0;0;0;0;0;0;0;0;0;0;0;0;0;0;0;10;0;0;0;0;0;0;0;7;0;0;0;0;0;0;0;0;0;0;0;0;0;18;7;17;0;0;0;0;0;0;0;0;0;0;0;0;0;10;4;0;10;15;1;19;0;0;6;0;0;0;0;0;0;0;7;2;0;0;0;0;0;14;8;14;0;0;0;8;18;0;0;0;0;0;0;0;16;0
7;0;2;0;0;19;0;0;0;0;0;0;2;0;0;0;0;0;0;0;17;8;0;0;0;0;0;15;0;0;0;0;0;0;0;0;0;0;0;0;0;0;12;0;0;12;3;0;13;0;0;17;4;14;0;3;10;0;0;7;0;13;0;0;0;0;19;0;0;17;0;0;0;0;12;0;2;0;4;0;0;2;0;3;0;0;0;0;14;0;0;0;8;4;0;0;12;0;0;14;8;0;13;0;0;1;0;13;2;16;0;0;0;0;0;0;0;0;0;0;0;1;17;3;0;0;0;19;0;0;0;0;0;0;0;0;0;0;0;0;0;7;0;0;3;0;0;0;19;0;0;12;0;0;0;6;0;0;1;0;0;0;17;0;0;19;0;17;0;0;0;0;0;15;18;0;0;0;13;0;0;0;0;1;0;14;0;0;1;16;0;0;0;0;18;0;9;0;0;0;0
0;3;0;0;0;0;0;5;19;0;0;13;9;11;0;1;16;0;0;10;0;0;0;0;15;0;2;0;0;11;0;1;14;0;0;0;0;12;0;0;0;10;18;0;0;0;6;0;0;0;0;9;0;0;18;19;0;0;10;0;0;0;11;0;12;0;8;0;0;7;14;0;0;16;0;14;0;0;16;0;7;3;13;0;0;14;8;17;0;0;0;0;0;0;0;0;0;0;0;14;0;15;0;0;0;0;19;7;8;0;0;0;0;0;0;0;0;0;4;14;0;0;0;0;13;15;8;13;0;0;0;10;0;0;0;0;14;0;0;11;0;8;0;0;10;0;19;0;0;0;18;14;0;7;0;3;18;0;0;0;0;0;14;0;0;0;0;0;1;12;0;0;9;10;0;0;0;13;0;11;0;0;0;0;0;0;0;0;3;0;0;0;18;0;4;0;0;0;1;0;0
7;0;0;0;6;0;0;0;12;0;0;0;0;8;0;0;0;0;17;0;0;18;0;0;16;0;19;0;2;0;0;0;0;0;0;0;6;2;5;13;0;0;13;0;0;0;0;14;2;0;0;16;5;0;12;15;0;0;17;0;0;3;0;0;8;15;0;0;0;6;12;0;0;0;5;0;0;0;0;13;3;0;0;0;10;0;0;2;0;7;0;0;0;3;0;19;8;0;0;0;0;0;0;0;0;0;16;0;0;0;0;0;0;3;0;0;0;4;0;0;0;0;0;3;0;19;0;5;0;5;14;0;0;0;0;0;19;0;0;0;0;15;0;1;19;0;2;9;7;0;10;0;0;0;13;0;0;13;0;13;0;0;0;1;0;7;0;0;0;17;0;0;0;0;0;0;14;9;0;0;12;0;0;0;11;12;0;0;12;0;0;0;0;0;0;0;0;0;0;5;0
0;0;0;0;0;0;0;0;0;9;0;0;0;19;0;0;0;0;0;0;0;0;0;0;12;7;0;0;14;0;4;0;0;0;14;0;0;0;0;0;0;8;0;0;4;0;7;0;18;0;1;8;11;0;0;19;0;16;10;12;16;19;0;6;15;0;0;19;0;0;0;0;0;0;0;13;11;0;0;18;5;17;13;0;0;0;0;13;0;0;15;0;0;0;0;0;0;8;0;0;0;0;0;0;0;18;0;0;0;0;0;0;0;0;0;0;0;14;0;0;0;0;0;0;0;0;0;0;0;0;0;0;0;0;7;11;0;0;0;11;0;2;0;0;0;0;0;0;0;0;0;0;0;15;5;0;6;0;17;0;19;0;10;5;0;0;0;0;5;0;0;0;0;0;0;0;0;0;0;0;2;0;0;0;0;13;0;0;0;0;0;10;0;0;0;0;5;2;1;2;12
0;17;0;0;0;0;0;0;0;14;0;0;0;7;5;7;0;8;5;0;0;0;0;9;0;0;10;0;17;0;17;0;18;5;0;3;0;0;16;4;0;17;13;0;0;0;0;11;8;9;10;0;0;0;6;2;16;0;0;0;0;0;12;0;0;0;4;15;0;0;2;0;0;10;0;0;0;0;0;0;0;16;0;0;0;0;0;17;0;0;0;0;17;0;9;0;0;1;17;0;3;15;0;0;0;13;13;0;0;0;0;0;0;13;0;0;0;0;0;0;0;0;0;17;15;14;0;0;0;0;0;6;0;0;0;0;0;0;0;15;0;0;0;1;0;0;0;4;0;0;0;0;10;0;0;0;0;4;1;0;0;0;0;0;0;0;0;0;15;14;17;0;0;0;0;0;0;0;0;0;3;0;0;0;0;0;3;0;7;0;0;10;0;15;2;0;0;0;0;0;12
0;19;0;0;0;1;19;0;0;0;0;6;0;11;0;15;0;0;0;0;0;0;0;0;0;0;12;0;0;0;0;0;0;0;0;0;0;0;0;0;15;0;0;0;5;15;0;0;0;0;0;0;0;1;0;5;16;4;0;0;3;0;3;13;17;4;0;0;0;0;0;0;0;4;2;0;0;0;0;0;0;18;19;16;4;0;0;0;0;18;0;6;0;0;0;6;11;0;0;0;0;0;0;0;0;0;0;0;7;0;0;1;0;0;0;0;1;0;0;0;0;0;0;0;0;0;9;13;0;0;0;0;0;0;0;0;1;18;0;0;0;12;0;0;2;0;0;0;0;0;0;0;0;0;0;0;0;0;0;0;14;0;5;0;0;0;0;0;15;0;0;0;0;12;0;0;0;0;1;5;0;0;9;8;0;0;2;0;0;1;15;3;0;0;0;0;0;0;0;0;0
0;0;9;0;4;0;0;0;0;0;0;3;5;0;0;10;0;14;0;0;0;9;0;12;0;9;9;0;0;15;5;0;0;10;11;0;0;0;0;0;8;0;0;0;0;14;8;0;0;0;0;0;16;0;0;0;0;0;16;0;11;0;0;0;8;0;3;0;18;4;0;0;0;0;0;19;0;1;3;0;0;3;0;0;4;0;0;0;9;0;16;0;0;0;0;0;0;10;0;0;15;0;8;10;0;18;18;0;0;0;0;0;0;0;4;10;17;0;0;0;0;0;0;7;0;0;4;0;0;12;0;0;7;0;18;1;0;0;0;0;7;0;0;0;4;0;0;16;0;0;0;0;0;11;0;0;19;7;17;0;0;11;0;0;0;17;0;0;0;0;3;0;0;0;0;0;1;0;0;0;0;1;0;0;14;11;0;0;18;0;3;0;18;0;0;0;0;0;0;13;17
0;5;0;0;3;0;0;0;0;17;15;6;8;0;0;0;15;0;0;0;0;1;13;0;0;0;12;14;0;0;0;0;2;14;0;7;0;0;17;14;11;0;0;12;0;17;0;0;0;0;15;0;0;19;0;17;0;0;0;17;0;0;0;0;7;0;0;6;0;6;0;19;7;4;11;0;0;0;0;0;15;18;2;0;0;13;0;18;0;3;9;0;0;5;0;0;0;8;0;0;0;0;0;0;0;0;0;0;0;0;4;0;0;0;10;0;3;0;3;0;17;0;7;0;1;18;0;0;0;0;0;0;19;10;18;0;9;0;9;0;0;0;0;19;0;15;0;13;0;0;0;0;0;0;0;2;9;4;0;0;0;12;19;0;0;0;0;16;3;0;0;17;7;0;0;0;12;11;0;0;11;0;0;0;0;16;7;0;17;0;12;7;3;17;0;0;0;0;0;6;3
0;0;0;0;7;1;0;0;0;0;0;0;0;15;0;0;0;0;0;0;0;6;0;0;0;0;0;0;0;0;0;5;0;0;0;0;0;16;15;2;0;15;0;0;0;0;0;0;0;16;0;1;0;0;0;0;0;0;19;0;0;15;0;4;0;17;4;0;14;1;0;17;0;0;0;15;0;0;0;0;16;3;0;2;0;0;0;0;6;18;0;0;18;0;0;0;10;12;0;0;11;7;0;9;7;9;0;0;0;0;0;0;0;0;0;0;0;13;0;0;15;0;0;1;0;0;1;4;3;3;0;0;13;0;0;0;0;0;0;0;0;0;6;0;0;15;1;19;0;0;0;0;19;0;7;0;13;14;10;2;9;0;0;0;0;0;0;0;5;4;19;3;0;0;0;10;0;17;0;14;15;0;0;13;0;0;0;0;8;0;6;0;7;6;0;0;0;0;1;0;0
0;1;0;17;8;0;0;0;0;4;0;0;4;0;13;0;13;0;5;0;0;0;0;9;0;0;18;9;0;0;0;0;3;0;9;0;0;0;0;0;0;11;0;0;0;0;8;0;0;0;0;0;13;0;0;0;11;15;19;0;0;0;0;0;0;18;4;0;0;18;0;14;0;0;0;13;4;0;0;8;0;16;19;0;0;0;15;1;0;0;0;0;14;14;2;0;0;8;10;0;10;0;5;9;0;0;0;0;0;11;0;0;0;7;17;0;0;15;19;0;14;0;0;18;0;0;1;0;3;7;0;0;3;0;0;0;0;15;0;8;0;0;16;0;0;0;17;0;0;0;0;13;0;0;0;0;0;0;0;0;0;12;0;11;9;9;0;0;4;7;8;0;0;0;0;0;7;2;8;0;0;1;0;14;0;14;0;0;0;0;0;0;0;5;0;5;0;0;0;11;0
0;0;15;0;5;0;0;0;18;13;16;0;7;0;0;0;0;0;14;7;5;4;6;7;0;0;0;0;0;7;0;7;0;0;0;0;0;0;10;0;16;0;0;0;0;0;0;0;16;0;0;7;0;3;0;0;0;0;0;0;3;0;0;0;0;0;11;15;17;0;0;7;0;0;0;0;0;7;18;1;13;0;0;8;0;0;0;15;0;6;0;0;0;0;0;0;0;0;0;0;11;0;0;5;0;11;0;0;0;0;0;0;0;0;0;0;0;8;0;0;0;9;4;0;1;1;0;0;0;0;0;16;18;0;0;0;0;4;0;6;0;0;0;0;11;0;0;0;10;0;0;14;0;0;0;12;0;0;0;0;0;15;0;17;3;0;1;3;0;0;7;0;3;0;15;0;16;0;0;0;0;14;0;0;0;0;0;0;8;0;17;0;0;0;0;0;0;0;0;0;0
0;17;0;0;0;0;4;0;0;0;6;0;9;0;6;0;0;0;0;14;0;0;9;14;0;0;0;0;0;0;2;10;0;0;10;0;0;2;0;14;0;0;19;19;4;9;14;7;0;17;0;0;0;4;0;0;0;0;0;9;0;19;0;14;0;15;0;0;0;0;0;0;0;10;13;0;8;0;0;0;0;11;0;0;0;3;16;0;0;0;0;0;0;0;0;0;0;1;9;1;0;0;0;6;3;6;0;0;0;0;0;0;7;0;0;0;19;13;5;0;0;13;0;0;4;0;0;0;0;7;0;13;0;0;0;1;0;0;0;0;0;0;1;0;0;4;0;0;3;0;4;0;0;0;0;0;0;0;0;0;0;0;0;0;0;0;0;0;0;0;0;0;0;0;14;3;1;0;0;0;2;0;12;0;0;0;0;13;0;0;0;0;0;7;0;0;0;3;0;0;0
0;0;0;0;0;12;0;0;16;1;0;0;0;15;0;0;15;0;11;0;17;0;0;0;0;0;0;16;0;14;0;0;0;0;0;0;13;0;0;0;16;0;1;1;0;18;0;0;14;0;0;0;15;3;0;0;0;17;11;5;0;0;2;18;0;16;0;0;0;11;0;0;6;0;0;5;0;0;9;1;0;13;0;0;12;0;19;19;0;12;0;0;0;0;0;0;4;18;0;0;0;16;0;17;5;0;0;0;0;0;0;0;0;0;10;0;0;0;0;0;0;0;0;0;3;3;0;0;0;1;0;0;0;1;0;6;9;14;0;16;0;0;0;15;3;0;0;0;5;8;0;11;17;18;6;0;0;0;0;0;0;0;0;0;0;0;0;0;0;0;10;0;0;0;19;0;0;0;14;0;0;8;0;11;16;0;2;0;0;0;8;0;0;0;0;0;9;0;12;0;0
0;1;4;0;0;0;0;6;1;0;0;0;0;0;15;8;0;12;0;3;0;0;0;0;0;0;2;0;0;0;0;0;0;0;5;0;0;0;15;11;1;0;8;1;0;16;0;0;0;19;10;0;5;0;0;0;0;4;0;0;19;0;9;0;0;12;0;0;0;0;0;8;0;16;0;0;1;0;0;0;0;0;0;0;12;0;0;15;0;0;0;0;8;6;17;0;0;0;11;0;7;13;0;0;14;0;11;0;7;14;14;0;19;0;2;0;0;0;5;0;0;0;12;0;3;7;0;7;1;0;18;18;0;0;5;0;0;0;0;0;6;0;3;0;1;0;1;13;12;0;18;0;0;0;10;0;0;0;0;0;0;12;0;0;0;0;0;9;0;0;17;0;0;0;0;0;19;9;0;0;5;0;0;8;9;15;0;7;0;0;0;16;0;0;0;0;0;0;11;0;0
0;0;0;0;0;0;0;1;0;10;0;15;0;0;0;10;15;0;11;0;0;0;0;0;0;0;0;0;0;0;0;0;0;0;0;0;7;11;0;0;0;5;10;0;0;17;0;14;0;10;4;0;11;15;12;0;0;0;16;0;0;0;0;17;0;0;0;0;0;14;0;0;1;0;0;0;0;0;0;1;0;4;0;0;0;0;0;19;12;14;0;0;0;8;0;2;0;0;0;7;0;0;0;8;0;0;11;0;4;0;2;3;11;8;18;7;0;0;14;0;0;0;0;0;0;0;0;0;0;18;0;0;13;16;0;0;1;0;0;0;16;0;0;0;0;0;10;0;0;0;4;0;5;13;5;0;0;6;0;17;0;2;0;6;8;0;0;0;6;6;1;0;0;0;0;0;6;0;12;6;0;0;0;8;0;0;0;0;0;0;0;0;2;0;15;0;9;0;0;0;0
0;12;12;12;9;4;0;13;0;0;0;18;7;0;0;0;0;5;0;0;0;0;19;5;0;18;7;0;0;0;0;0;0;0;17;0;0;0;14;0;0;0;0;0;0;0;0;0;5;0;0;14;0;0;0;0;0;0;16;0;13;0;10;0;17;3;0;17;0;0;3;18;16;18;16;1;7;11;0;7;0;0;0;0;0;0;0;17;0;0;0;0;0;0;0;0;0;0;0;4;0;11;4;0;0;0;0;0;0;18;0;0;5;10;1;0;0;10;0;0;6;0;0;0;0;0;16;13;0;18;0;0;0;0;0;8;11;0;0;0;0;17;0;1;15;0;0;0;11;0;0;0;16;0;0;0;0;0;3;0;0;0;0;8;0;0;0;0;19;0;0;4;0;0;9;0;2;0;5;0;4;0;0;0;0;0;0;0;0;0;0;0;0;8;0;3;1;14;0;0;15
0;0;0;0;0;0;0;0;0;0;0;0;0;15;0;16;0;0;16;0;0;0;0;5;0;0;0;17;16;18;0;0;0;3;0;8;5;11;0;1;0;0;0;12;0;0;3;0;17;18;0;7;6;0;0;3;0;0;0;11;13;0;0;19;0;0;0;0;6;0;0;0;0;0;0;0;0;0;7;0;14;0;0;0;0;0;0;13;0;5;0;0;0;0;0;0;0;14;5;0;0;0;8;0;0;0;15;0;0;0;0;0;0;0;0;0;0;0;0;0;0;0;7;19;13;3;18;0;0;0;13;0;0;0;1;13;17;15;0;0;13;0;11;0;0;14;0;0;0;3;0;0;0;0;0;0;13;0;0;0;0;10;0;9;0;0;0;0;11;0;0;0;0;0;0;7;16;1;0;0;0;0;0;17;0;0;16;0;0;0;0;0;16;0;0;17;0;0;0;0;0
0;0;0;3;0;4;12;0;0;0;7;4;0;10;0;7;9;0;9;0;0;0;0;0;0;3;0;0;15;0;0;0;0;0;0;0;0;0;11;0;0;0;16;0;2;0;7;0;0;7;5;0;15;0;0;0;0;0;0;0;1;0;0;3;0;0;2;0;5;0;0;0;0;14;0;17;2;13;0;0;9;0;0;0;0;0;0;0;0;0;17;0;6;18;0;5;0;0;0;1;0;0;0;0;0;1;0;0;5;0;0;0;15;0;19;0;0;0;0;0;0;0;0;10;0;0;0;0;1;0;16;0;0;0;0;0;7;0;0;11;0;10;8;0;0;0;0;0;0;0;0;0;8;0;14;15;0;0;0;0;0;16;0;14;0;0;13;0;0;0;0;6;0;0;7;0;0;0;0;3;0;0;0;2;0;16;17;0;3;0;0;0;1;0;10;5;0;0;14;9;0
0;0;0;12;0;0;0;0;2;0;9;2;0;0;8;0;0;0;0;13;8;0;0;0;0;0;0;0;16;0;0;0;0;0;0;0;0;3;0;0;0;0;0;14;0;0;16;6;0;8;0;0;0;0;0;0;0;0;0;0;0;0;0;0;0;0;19;6;0;11;0;0;0;0;17;0;11;2;15;0;2;0;12;0;0;0;0;0;0;0;0;0;0;16;0;0;0;0;0;0;0;10;0;11;17;0;0;0;0;0;0;0;11;0;12;0;0;0;0;7;0;0;18;18;0;0;0;0;0;5;0;0;1;0;0;18;0;0;19;0;0;0;0;8;0;0;0;5;0;3;0;0;0;0;0;9;0;0;0;0;0;0;0;10;0;0;0;13;0;7;10;5;0;18;0;0;0;9;0;0;0;6;10;19;0;0;10;4;11;0;7;0;0;14;6;0;0;0;0;0;0
0;0;0;1;0;0;14;0;0;0;1;0;11;0;0;0;1;0;0;0;0;0;0;0;0;0;0;0;0;12;12;9;0;10;0;0;0;0;13;10;0;0;0;0;9;0;0;11;0;4;5;8;0;19;0;16;0;0;0;17;0;0;0;13;0;0;0;0;13;0;0;0;1;0;0;0;0;0;0;0;13;0;0;0;0;0;0;0;0;15;7;0;0;0;0;0;18;0;0;0;16;0;0;0;0;0;0;15;16;0;0;11;0;0;1;0;0;0;0;11;0;0;1;0;0;0;0;1;6;0;0;8;13;0;18;0;0;0;0;0;5;0;0;5;0;0;0;0;1;0;11;0;4;3;10;0;0;5;10;0;0;0;0;4;0;0;19;0;0;14;13;0;0;0;9;0;0;0;0;0;18;0;0;0;0;0;0;10;0;0;0;11;15;0;0;0;0;0;0;13;0
12;13;19;10;0;0;0;9;15;0;15;0;0;13;3;1;0;15;0;0;0;12;0;0;18;0;0;11;0;0;0;0;0;0;0;0;0;10;0;0;0;0;0;4;0;9;0;0;0;0;0;0;0;0;0;0;0;4;0;0;0;0;0;6;0;0;0;0;2;0;14;0;8;0;0;0;0;16;0;0;0;0;0;0;0;0;0;14;7;0;0;18;0;6;0;0;17;15;17;12;8;0;6;16;0;0;0;0;0;0;0;0;0;6;0;0;0;14;19;0;0;1;0;9;0;0;0;0;9;0;1;11;17;7;0;0;0;0;0;0;0;0;0;0;0;17;0;0;11;0;0;0;19;0;0;0;15;0;0;0;4;0;0;0;0;5;0;18;13;13;0;0;0;0;0;0;16;0;0;0;0;0;0;0;0;0;0;13;0;17;0;0;1;0;0;4;13;0;0;15;0
0;7;0;0;0;0;0;10;0;18;0;0;1;0;0;17;0;0;0;0;0;0;0;3;0;0;0;0;0;3;0;0;0;0;0;11;0;0;0;0;0;0;0;0;0;6;0;10;0;0;0;0;0;0;0;0;0;0;0;0;14;0;0;0;0;0;0;0;0;0;0;0;0;0;0;0;0;0;0;14;12;0;0;0;0;0;0;5;0;19;0;0;13;0;10;15;5;0;0;0;18;0;0;4;0;0;0;0;0;0;0;0;0;0;0;0;0;0;0;0;0;18;0;0;0;15;4;0;14;0;0;0;15;0;0;0;0;0;0;12;0;15;0;10;0;12;0;12;0;0;0;0;0;0;18;9;3;0;7;0;2;0;0;0;5;6;4;0;0;0;5;0;0;0;0;0;7;0;0;0;0;16;0;0;0;12;0;6;0;18;5;0;0;0;7;0;0;0;0;0;0
0;0;0;0;14;18;0;11;0;6;0;10;0;13;0;0;0;15;0;0;0;19;0;0;5;0;0;0;0;11;0;10;0;0;10;0;0;0;0;19;9;15;0;5;14;0;0;0;0;0;0;0;0;1;13;0;6;0;0;0;0;0;0;0;0;0;0;0;0;0;12;18;2;0;0;0;0;12;0;0;0;13;0;16;0;17;0;0;0;0;0;6;4;0;0;0;11;0;0;0;0;0;14;19;6;0;0;0;0;0;0;0;0;19;0;0;0;0;0;0;0;0;0;9;0;0;0;0;0;0;0;0;0;0;19;0;0;0;0;4;0;11;0;18;9;2;9;0;0;0;0;0;0;0;0;1;0;0;0;0;0;0;19;0;17;1;0;9;6;0;0;0;0;0;16;3;0;0;0;0;0;0;0;0;7;0;0;0;4;19;0;1;0;0;0;0;0;0;0;17;0
5;0;0;0;0;6;0;2;0;0;5;18;0;0;0;0;0;3;0;0;0;11;0;0;0;18;0;9;0;6;0;0;18;11;0;0;0;0;0;0;0;19;12;0;0;13;4;0;0;0;0;11;0;6;0;7;13;0;9;0;13;15;0;3;6;0;12;0;0;8;6;17;9;0;11;0;0;0;17;5;0;4;0;12;10;15;0;0;5;0;0;0;0;5;4;14;11;0;0;16;0;0;0;0;0;0;0;0;17;0;0;0;0;6;0;0;0;11;0;11;15;0;0;0;0;8;6;0;16;0;0;0;0;11;0;0;0;12;4;0;0;0;0;0;14;0;0;7;0;5;0;0;0;0;0;5;0;0;17;0;0;0;0;0;0;0;0;0;0;0;0;17;0;0;0;0;19;0;0;4;0;0;9;0;14;0;14;0;0;15;9;13;1;0;0;1;0;0;0;1;0
16;0;0;16;3;0;0;4;0;0;0;0;15;0;0;0;0;19;0;18;0;0;2;0;6;0;13;0;0;0;1;19;0;0;0;3;1;4;12;16;0;0;2;0;6;17;0;0;7;0;12;8;0;18;0;0;11;12;0;0;3;13;0;8;11;3;0;0;19;0;0;0;0;0;4;0;14;7;18;0;0;0;0;0;0;0;3;3;0;0;0;0;0;0;0;0;6;11;5;0;0;0;0;0;0;0;0;18;0;2;0;0;0;0;0;0;0;0;0;0;0;0;7;0;0;0;0;0;0;6;16;0;13;0;0;5;0;0;0;0;0;0;0;0;0;10;0;0;14;11;0;0;0;0;0;0;0;0;0;17;0;15;1;0;0;14;0;0;0;17;0;0;0;0;13;0;7;16;0;1;9;0;14;0;0;0;0;15;0;18;8;0;0;0;0;0;9;13;0;15;0
0;0;0;0;0;0;0;0;0;0;6;0;5;4;0;0;2;6;13;0;0;0;15;17;12;0;0;6;0;0;0;0;0;0;12;0;4;0;10;1;0;0;0;0;0;5;19;0;0;0;0;0;6;0;0;0;0;0;0;0;0;0;0;1;0;9;0;0;0;8;0;0;1;0;0;0;0;0;12;0;0;0;0;0;0;11;0;7;7;0;0;0;0;0;0;18;0;0;0;0;0;0;0;6;0;0;0;0;10;8;14;0;0;0;0;0;7;8;15;2;0;12;0;0;0;0;0;0;0;0;0;17;0;10;0;0;0;15;11;0;0;0;0;4;0;14;0;2;0;0;12;18;0;0;0;0;5;9;2;0;0;6;0;0;0;0;0;0;5;0;5;0;0;11;0;0;0;0;0;0;0;0;0;11;0;0;0;0;4;0;0;0;0;0;0;0;0;0;0;0;0
0;0;9;0;0;0;0;2;0;0;12;1;0;0;2;0;19;0;0;11;0;0;0;0;0;0;0;0;0;1;0;0;0;0;0;0;0;0;0;0;0;5;9;3;0;16;8;17;0;0;17;0;9;0;0;11;0;0;2;0;0;0;0;0;0;0;7;0;0;0;14;2;0;0;0;0;16;0;0;0;0;0;0;19;13;0;0;0;0;0;0;0;0;18;0;2;0;0;0;0;0;0;0;16;0;0;0;3;0;0;12;0;16;0;0;0;0;0;0;0;0;0;0;0;6;16;0;1;0;3;0;0;11;8;0;0;0;0;0;0;0;0;0;18;6;0;0;0;0;8;0;2;0;0;16;0;17;0;0;0;0;0;14;0;0;0;0;0;0;0;11;0;0;2;0;19;0;0;0;0;10;0;0;0;0;0;0;8;0;0;0;0;16;0;13;0;0;0;15;0;0
0;0;8;0;9;0;0;0;0;1;0;0;7;0;0;0;0;7;18;0;0;0;0;7;5;19;0;14;0;0;0;0;0;18;0;0;11;0;0;0;0;0;0;0;0;0;16;15;0;0;0;13;0;0;0;0;0;0;0;2;0;0;0;0;0;0;0;0;0;0;0;0;7;0;0;0;0;0;0;0;0;0;0;0;13;0;0;12;0;3;2;12;0;0;0;0;12;0;0;1;0;8;4;0;0;0;13;0;0;0;0;0;3;0;0;0;0;0;1;0;1;0;0;19;0;0;0;0;15;0;0;1;0;0;8;5;0;10;18;0;0;4;18;0;0;0;0;0;0;0;0;0;0;4;0;0;4;0;0;0;0;0;0;0;6;18;8;0;8;12;0;0;0;0;12;0;0;5;17;0;0;1;0;0;0;6;0;0;4;10;0;11;0;8;0;0;0;7;0;0;0
0;0;0;13;16;10;11;0;0;0;1;14;0;8;16;0;7;1;0;0;0;0;11;0;11;9;0;0;0;0;0;3;0;0;0;0;0;0;0;0;0;0;16;0;2;15;0;0;0;0;0;18;0;0;6;0;18;0;0;13;4;0;0;0;12;0;8;0;0;0;3;0;0;0;0;0;0;18;0;0;0;0;0;0;0;0;0;0;2;0;7;0;0;0;0;11;0;0;0;0;3;16;0;0;2;19;4;11;0;10;11;15;15;7;9;18;3;10;19;0;0;2;4;0;0;0;11;0;3;1;0;15;0;0;0;0;0;0;9;14;0;0;6;0;0;0;0;0;5;0;18;0;14;8;0;0;0;17;18;9;0;0;0;0;17;0;3;17;0;12;0;0;5;0;0;0;7;16;15;0;0;0;0;0;0;0;2;0;16;0;1;11;14;12;0;0;0;0;0;0;0
0;0;15;2;0;1;0;0;9;0;4;0;0;0;0;0;19;0;0;8;0;0;0;0;18;7;0;0;13;9;9;0;0;0;0;0;0;0;0;0;0;0;9;0;0;0;4;0;0;0;0;0;2;0;0;0;1;0;0;0;0;0;0;15;13;0;1;0;0;0;0;0;0;10;0;0;0;5;0;12;17;0;0;0;16;0;0;0;0;0;5;4;3;0;17;0;0;0;0;0;14;10;0;0;0;10;0;7;0;7;0;13;0;0;0;7;0;0;0;0;0;0;0;15;15;0;0;4;0;0;0;0;14;0;0;0;17;12;2;0;10;14;0;0;0;0;6;0;0;8;0;0;0;14;0;0;0;0;0;0;6;3;0;0;0;4;0;0;8;11;0;17;0;4;0;0;0;2;0;10;0;0;0;0;0;6;10;0;0;0;7;0;0;0;0;0;0;9;0;0;0
0;0;0;17;10;0;0;0;0;0;12;0;0;0;3;0;15;15;8;8;0;0;0;0;8;10;1;0;0;0;0;4;0;0;0;18;0;4;12;0;7;0;0;0;0;0;0;5;5;0;0;0;0;8;3;0;5;0;0;0;0;0;0;0;0;0;0;0;0;0;0;0;6;0;0;0;0;0;0;0;11;6;19;0;0;5;0;0;0;3;0;11;15;0;0;7;12;0;6;0;19;0;0;12;0;0;0;0;0;0;0;0;0;0;17;17;0;19;2;0;0;0;0;0;1;17;0;0;0;1;10;0;0;0;0;0;0;0;9;0;0;0;0;0;0;6;0;0;0;19;0;0;16;0;12;2;10;0;17;0;0;0;0;0;16;14;0;0;9;0;8;5;0;0;0;7;0;0;0;0;0;0;0;11;0;0;0;0;0;0;3;0;5;0;0;0;0;3;3;0;14
0;0;8;0;0;0;0;0;0;7;0;0;0;3;13;0;0;0;15;5;18;0;0;0;2;0;0;15;0;0;0;0;0;0;0;0;11;8;16;0;0;7;10;0;8;0;9;0;10;0;16;0;0;0;0;15;0;0;17;0;0;0;8;0;0;0;0;5;11;0;0;0;0;0;0;7;0;0;0;0;19;17;0;18;0;0;8;14;0;0;6;3;0;4;0;16;0;0;9;0;0;0;0;0;12;0;4;13;0;7;0;5;0;5;0;0;0;0;9;0;4;0;16;13;19;0;0;0;0;13;0;0;0;0;5;0;0;12;0;7;0;2;0;0;0;0;0;0;0;0;0;0;0;10;0;12;19;14;9;0;0;0;7;0;15;0;0;0;15;0;14;0;12;16;5;5;0;0;0;0;1;0;0;8;0;5;0;0;0;0;0;0;7;0;15;0;0;0;16;0;0
0;0;0;5;0;0;1;0;0;0;0;0;0;0;2;0;0;0;0;0;0;0;4;0;9;13;0;0;0;0;0;0;0;0;0;0;0;0;0;0;0;0;0;0;0;10;13;0;12;0;0;17;0;8;0;0;2;16;1;0;0;19;0;0;19;0;0;0;0;0;14;0;13;0;0;0;6;0;0;15;0;0;0;0;0;0;3;0;0;18;0;2;0;0;0;0;11;0;0;0;0;0;0;9;11;7;0;8;0;3;0;0;0;0;0;0;19;0;7;0;0;0;0;0;0;0;10;3;5;12;0;11;0;0;0;1;11;0;0;0;14;0;0;0;5;0;0;0;0;19;0;8;0;0;0;13;16;12;0;0;0;11;0;0;0;0;0;12;0;0;0;0;0;0;0;7;0;9;10;0;7;0;19;0;0;16;0;0;9;15;0;0;0;17;0;10;0;0;10;0;0
12;9;0;0;0;0;0;0;0;3;0;14;0;0;0;0;0;0;0;0;0;0;0;0;0;0;0;0;12;4;0;10;0;18;0;0;17;0;4;0;0;19;0;0;0;0;11;0;14;0;0;0;19;0;0;0;18;0;0;0;0;6;0;0;2;0;0;6;0;0;0;0;5;0;6;0;0;14;14;0;18;0;0;0;19;0;0;8;0;0;15;0;0;0;0;5;15;18;6;19;0;0;18;0;0;0;17;0;3;9;0;2;0;0;7;0;0;0;0;0;0;0;0;0;0;0;0;0;8;0;0;0;3;0;3;0;0;0;0;5;11;0;8;0;0;8;19;0;19;0;8;0;0;0;0;0;1;0;0;7;1;19;0;9;0;18;0;0;0;0;0;13;0;0;0;0;0;18;0;0;10;11;0;0;0;10;0;0;0;0;5;0;17;17;0;11;0;7;0;12;0
3;0;0;0;0;18;0;0;12;0;0;0;11;0;15;0;0;17;0;0;0;0;0;0;0;8;15;0;0;0;3;14;0;0;0;0;0;0;0;0;0;0;0;9;0;2;0;0;14;0;0;18;0;13;0;16;0;0;0;0;0;0;2;0;0;0;4;0;7;0;0;0;0;2;10;0;0;12;16;0;0;0;0;18;0;0;0;0;0;0;0;0;4;0;0;0;0;0;0;19;0;0;0;0;12;19;16;11;12;5;0;7;0;0;0;0;0;18;10;0;0;0;0;0;0;0;0;4;0;18;4;0;0;0;0;11;0;0;0;0;0;12;0;0;18;0;0;0;0;8;0;0;6;0;6;7;8;0;0;0;0;0;0;0;0;2;17;0;11;1;0;12;0;0;7;16;14;0;0;18;0;0;0;0;2;13;11;0;0;0;0;15;0;0;0;0;0;0;0;0;0
0;0;0;0;12;0;0;13;0;0;0;0;0;0;0;0;1;10;0;0;0;0;0;0;7;0;5;0;17;9;0;0;0;0;9;0;0;15;0;0;12;19;19;11;0;0;0;0;0;0;0;0;0;3;0;0;2;0;0;0;16;0;14;0;0;0;0;0;0;0;0;0;0;8;0;0;0;0;0;0;0;0;0;0;0;0;12;0;0;13;0;0;0;11;1;0;7;0;8;0;14;0;0;12;0;0;0;13;12;0;0;0;0;0;17;0;12;14;0;0;0;0;0;0;0;13;14;0;11;0;0;0;0;0;0;0;0;0;0;0;0;18;2;0;0;0;0;0;8;0;0;0;0;0;0;0;0;4;19;0;0;4;0;0;15;12;6;6;19;2;0;0;0;0;7;0;9;0;0;0;14;0;13;0;0;19;0;0;0;0;0;0;0;0;19;19;0;0;0;0;0
0;14;6;0;6;0;0;0;0;0;16;0;0;0;0;0;0;19;0;0;2;0;0;0;0;0;14;0;0;0;2;0;0;0;0;0;0;9;12;0;4;0;0;0;10;0;0;6;10;0;0;0;0;1;0;0;0;0;0;0;0;15;18;0;0;8;6;0;0;0;0;14;0;0;12;0;0;14;5;4;0;0;0;0;0;14;5;0;2;15;0;0;3;0;0;16;0;0;0;0;0;0;2;0;0;0;0;0;1;0;0;16;2;1;0;0;0;0;0;0;10;0;0;0;19;0;0;0;17;0;5;16;0;8;0;4;19;0;0;0;0;0;0;0;14;0;16;0;0;0;6;0;0;0;5;0;4;0;0;0;0;0;0;5;15;0;10;0;0;0;0;0;0;0;17;0;17;8;0;0;10;17;9;0;0;0;11;0;10;0;0;0;0;0;0;1;0;0;0;0;12
0;0;0;17;0;0;7;12;7;0;19;1;0;0;5;0;0;12;0;10;0;0;0;0;0;0;0;0;11;0;0;0;0;0;0;0;0;0;0;18;0;13;14;0;5;0;0;3;0;7;11;0;0;0;0;12;0;0;10;0;10;10;0;0;0;15;0;2;18;0;0;0;0;0;0;4;0;17;0;0;5;0;19;5;5;6;13;0;0;0;0;0;4;0;0;0;0;0;0;13;9;9;0;1;5;9;0;0;0;0;0;0;0;2;0;0;0;7;0;15;0;0;11;0;0;0;0;0;18;0;13;0;0;0;0;3;0;0;0;0;0;0;0;4;8;14;0;10;0;0;0;0;0;0;0;0;0;0;0;0;2;0;11;0;0;0;2;0;0;0;0;0;0;0;5;10;0;0;15;17;0;0;0;13;11;13;0;16;0;0;16;4;0;0;10;5;0;0;0;0;4
17;0;8;15;0;0;8;9;0;7;0;2;0;10;0;0;0;0;11;6;0;0;13;0;0;0;0;5;0;7;12;0;0;0;0;0;0;0;9;0;0;3;0;0;1;0;0;0;0;0;0;0;0;19;10;0;11;14;0;0;0;12;0;19;3;0;0;0;8;2;0;0;0;17;0;0;0;0;0;0;0;16;0;0;17;0;16;0;0;0;18;0;3;0;0;0;0;0;0;0;0;0;0;0;0;0;0;19;0;0;0;0;0;0;0;0;0;0;13;5;0;0;0;0;7;0;0;0;6;10;5;0;0;14;0;10;0;18;0;0;0;0;16;0;0;0;12;0;0;0;6;0;5;0;0;0;10;0;8;0;1;0;10;0;3;0;5;0;0;6;18;8;0;0;0;0;0;0;0;5;0;0;1;0;0;9;1;15;0;0;4;0;0;0;0;0;0;0;0;9;0
3;2;0;0;0;0;14;0;0;7;0;0;0;12;0;0;0;0;0;0;19;0;1;0;0;0;1;0;0;0;0;0;0;0;0;19;0;13;0;13;0;0;0;8;0;0;12;0;6;0;0;0;0;0;0;0;0;0;0;0;11;15;4;0;0;0;0;8;0;0;0;0;0;0;0;0;9;0;1;0;0;0;0;0;5;0;0;0;0;0;9;0;0;0;0;0;0;0;0;0;0;3;0;0;0;0;0;0;11;14;5;0;0;0;0;0;6;3;0;0;0;0;0;2;0;0;12;0;0;0;0;0;0;15;9;0;0;9;1;5;0;0;0;0;0;0;2;12;13;0;7;0;0;0;0;0;0;10;0;0;0;0;5;0;15;0;0;0;0;0;1;0;0;0;0;0;0;0;0;5;0;10;0;0;0;0;17;0;4;7;8;9;0;0;0;16;0;0;0;9;0
0;0;0;0;19;6;4;0;0;0;14;0;15;0;15;7;0;0;5;12;0;8;0;0;15;0;0;0;0;5;0;1;0;7;0;0;7;4;0;0;0;0;0;0;0;0;8;0;0;0;0;0;0;0;13;0;0;0;0;19;0;17;0;0;0;16;0;0;0;0;0;0;0;0;0;3;18;11;0;1;0;0;0;3;8;0;0;0;0;0;0;0;0;0;4;9;0;0;0;0;0;0;0;0;4;0;0;0;0;0;0;0;0;0;17;0;0;18;0;6;0;0;19;9;13;0;0;0;0;0;0;0;13;0;0;0;15;3;0;0;0;5;17;4;0;0;10;19;16;1;8;0;4;0;10;0;0;2;0;0;0;0;19;16;0;0;16;0;0;0;0;11;0;0;15;12;0;0;0;0;0;1;1;2;0;0;0;0;5;0;0;0;0;0;0;0;0;0;0;2;0
0;6;0;11;0;0;0;0;0;0;14;0;0;0;0;0;0;16;0;1;15;0;0;0;0;19;18;0;0;0;0;0;0;0;3;16;9;0;17;14;11;17;14;13;0;0;2;0;14;0;0;0;0;0;0;1;0;0;0;0;0;2;15;0;0;0;0;12;16;18;9;17;17;0;0;0;9;9;4;0;0;0;0;0;0;0;0;0;0;0;0;0;0;0;13;0;3;0;0;0;0;14;17;0;0;0;5;0;0;0;0;0;0;0;17;0;0;0;13;0;4;0;7;4;14;0;0;0;0;0;6;0;0;0;0;5;0;0;0;0;0;9;0;0;17;0;0;14;12;0;0;4;0;0;0;10;2;0;0;0;0;0;1;0;0;0;12;12;0;9;0;0;0;13;0;18;0;19;0;4;0;0;1;0;0;0;12;17;0;0;0;0;13;0;0;0;0;0;0;0;16
0;14;0;0;0;0;0;0;0;0;0;5;0;1;0;0;0;0;0;0;0;0;0;15;0;0;12;16;0;0;14;0;0;0;0;18;10;0;0;0;0;6;0;0;10;5;13;0;0;0;0;11;0;0;0;0;0;2;0;0;0;3;0;1;0;0;0;0;12;0;0;0;1;0;0;0;0;0;0;0;12;0;0;0;0;0;4;0;0;0;0;0;0;0;0;2;0;4;19;4;14;0;0;0;16;0;0;0;0;17;0;11;0;0;0;0;1;0;0;17;1;0;17;0;10;0;0;0;0;0;0;3;0;0;0;10;0;7;0;17;0;2;0;0;18;0;17;9;0;0;0;19;0;0;8;0;0;0;0;0;0;0;1;9;10;0;0;0;0;10;0;0;4;4;0;0;7;2;0;0;0;0;14;2;0;0;0;14;0;11;14;0;17;0;0;0;0;0;0;2;0
0;0;7;9;0;0;0;0;0;0;0;0;0;0;0;0;2;0;4;0;0;4;0;0;13;0;0;13;0;0;0;0;9;0;12;0;0;0;18;0;0;0;0;0;12;6;0;0;0;0;8;9;16;13;0;0;0;0;0;0;0;0;15;0;0;0;0;0;0;0;0;0;7;0;0;0;0;9;0;0;15;0;4;0;0;0;0;9;0;0;0;0;0;0;8;0;0;0;2;0;13;0;0;0;0;0;0;1;0;0;0;0;0;0;0;0;0;0;13;0;0;0;0;0;2;0;0;0;0;0;17;0;0;0;0;0;0;0;0;0;17;0;0;0;9;0;0;0;0;7;0;0;0;0;0;0;0;0;0;0;0;5;0;0;0;0;0;0;0;7;19;15;0;1;0;0;0;0;0;0;0;0;0;19;18;0;0;0;5;0;0;0;6;0;14;0;0;0;0;11;0
0;6;0;0;0;0;0;9;0;0;0;0;0;0;0;0;0;0;0;19;17;0;0;0;0;0;0;0;7;9;0;0;0;12;0;8;0;19;0;14;0;0;0;0;15;0;0;9;0;14;0;0;11;0;8;0;0;0;0;0;0;0;19;0;0;0;11;0;0;0;2;0;0;0;2;0;15;0;0;0;17;0;0;0;0;18;14;17;0;0;0;10;4;0;0;0;1;0;14;0;0;0;0;1;0;6;0;0;0;0;0;9;1;0;5;10;0;0;0;19;0;14;0;0;9;0;0;0;0;0;0;0;0;0;0;0;4;2;0;0;0;0;0;0;0;6;0;0;0;1;0;0;0;2;1;0;0;0;0;0;0;0;9;17;0;0;0;0;0;9;0;17;0;4;0;2;0;0;0;0;10;0;0;0;13;0;18;0;0;19;0;0;0;7;18;0;5;7;0;18;0
0;0;0;0;0;11;0;0;4;0;0;0;19;0;11;7;0;4;9;0;14;0;0;0;12;0;0;0;0;0;0;14;0;0;0;0;16;0;0;0;0;0;15;0;0;0;6;0;0;0;0;0;0;4;0;0;0;19;10;18;0;14;0;9;0;0;0;0;1;12;0;0;0;0;0;6;15;18;13;19;16;8;0;0;0;0;0;0;0;0;7;0;0;0;0;17;0;0;0;0;0;1;0;0;0;0;0;0;0;2;0;0;0;2;16;4;0;0;0;0;0;0;11;12;0;12;15;0;0;12;2;0;10;16;0;0;0;0;0;0;15;6;0;0;0;3;0;0;11;19;0;4;0;0;0;0;0;0;0;5;0;0;10;1;0;16;2;0;17;0;0;0;0;15;0;0;0;0;0;2;11;0;0;19;0;0;0;0;18;16;0;0;11;8;0;4;2;0;3;0;0
0;0;4;2;0;0;19;0;0;13;0;0;0;14;6;6;0;0;0;0;0;5;0;0;0;0;0;0;6;0;0;0;8;0;0;0;0;0;0;12;0;16;0;0;16;0;0;0;0;0;0;5;0;7;17;0;0;0;0;19;0;0;6;0;0;18;2;8;10;15;0;0;1;0;0;0;0;0;0;0;15;0;7;0;0;0;0;0;0;0;0;14;8;0;0;0;3;3;0;0;0;0;3;0;0;9;0;0;0;0;2;0;0;13;0;0;17;14;0;10;0;5;0;19;0;0;0;0;0;0;0;0;0;0;0;0;0;0;19;0;1;0;14;0;0;0;0;7;0;0;0;0;0;11;10;5;19;1;1;0;9;10;0;9;0;0;0;2;0;0;0;0;14;16;0;0;0;0;0;0;0;0;0;0;0;0;0;0;0;10;0;0;5;1;0;0;0;0;0;0;0
0;0;0;0;0;11;2;3;0;17;11;4;0;0;0;0;0;0;0;0;0;0;0;0;0;0;6;0;0;6;0;0;0;0;10;9;19;16;1;17;0;0;16;0;10;0;7;0;6;0;2;13;0;0;10;0;0;0;9;0;0;0;0;6;0;0;0;0;0;0;0;0;0;11;0;0;0;0;0;0;0;0;0;0;0;1;1;0;18;0;0;0;0;0;0;0;18;0;0;0;3;0;14;2;0;0;0;0;0;0;0;0;0;18;0;10;0;0;1;5;0;0;0;0;0;11;17;0;0;0;6;8;9;14;10;4;0;0;0;0;0;0;0;0;0;0;0;0;0;9;0;0;5;0;0;0;16;0;9;0;17;1;9;0;0;0;0;0;0;0;9;19;0;0;0;0;19;0;0;0;4;0;0;0;0;0;0;0;19;0;4;12;0;0;0;9;0;0;0;0;0
0;0;0;0;4;0;5;0;18;0;0;10;9;0;0;15;0;0;0;9;0;0;5;0;13;0;0;0;11;7;12;0;5;0;0;0;0;10;0;4;0;0;6;0;0;4;0;4;0;13;0;0;4;0;0;12;5;4;0;2;0;0;0;0;0;10;8;5;0;9;0;0;0;0;0;0;0;0;0;0;13;0;0;0;7;0;0;13;0;0;0;10;0;0;0;6;18;0;0;0;0;0;0;0;0;0;0;0;0;7;0;0;0;7;0;15;0;0;0;0;0;0;0;0;0;9;3;0;0;0;8;0;0;0;0;0;0;5;17;0;0;0;0;6;17;0;16;15;0;0;0;15;15;0;3;15;0;0;10;0;0;0;0;0;0;0;0;0;0;0;13;0;0;0;0;6;0;0;0;8;1;0;11;0;10;0;0;0;0;0;0;0;0;0;10;9;16;0;0;8;0
0;0;0;12;1;0;0;0;0;12;0;0;0;0;13;7;0;0;0;0;12;0;0;0;0;0;3;0;4;0;0;0;14;0;0;0;0;0;0;19;18;0;0;1;11;16;5;0;12;0;0;6;0;14;6;6;14;0;0;9;0;0;0;0;6;0;0;0;0;0;0;0;0;0;0;0;17;7;0;0;0;0;18;17;3;15;0;0;0;5;0;0;0;0;10;0;0;0;0;0;11;5;9;6;18;7;0;0;0;0;0;15;0;0;0;1;19;0;7;0;0;0;17;0;0;9;0;0;0;0;0;0;0;0;0;0;5;6;1;0;14;0;0;18;0;4;14;0;0;18;2;12;0;0;0;0;0;0;0;0;0;16;0;0;0;0;0;8;0;0;0;0;0;3;0;7;0;0;11;0;0;10;15;18;0;18;0;0;5;0;0;0;0;0;0;0;2;0;0;0;0
2;0;0;0;0;0;0;6;0;0;0;0;0;16;0;9;0;1;17;0;0;11;0;0;0;0;0;3;11;0;5;4;0;0;17;0;0;0;7;17;0;0;0;0;7;8;0;7;3;0;0;0;0;0;0;0;0;0;1;0;0;11;0;4;0;0;9;0;11;0;7;0;0;0;19;0;8;0;0;0;0;0;7;0;18;0;0;0;5;0;0;0;0;0;15;12;0;0;0;0;5;6;0;0;0;0;0;0;0;0;0;0;0;0;0;19;0;0;0;0;0;0;0;0;0;0;1;0;0;0;0;0;0;13;0;19;0;4;0;0;0;0;0;8;3;0;0;0;0;0;17;6;10;2;5;0;16;12;0;0;0;2;0;0;0;0;0;0;15;9;0;0;1;0;0;0;0;0;17;0;0;8;0;0;0;10;0;0;7;8;2;3;0;0;0;0;1;0;1;0;0
0;16;0;0;0;0;7;0;7;0;0;15;0;0;0;0;8;0;9;0;0;0;0;16;2;0;0;14;19;0;0;0;0;0;0;0;0;0;0;2;0;3;0;17;16;0;14;0;18;0;0;0;0;0;0;0;19;0;0;0;0;4;6;0;4;15;0;15;1;0;14;13;0;13;5;0;0;0;0;16;0;0;0;0;9;0;0;10;3;6;0;6;17;0;0;0;0;0;0;0;0;0;0;0;0;11;0;13;17;0;0;0;0;0;0;0;17;0;0;0;0;0;0;16;0;0;3;0;0;9;0;0;0;0;13;0;18;0;9;0;0;0;0;0;17;0;0;0;12;0;0;6;0;0;0;0;0;12;0;0;0;0;2;0;0;8;0;0;2;0;0;14;0;0;2;0;0;0;9;0;0;12;0;0;0;12;13;0;0;0;0;0;0;0;2;0;0;0;0;0;9
0;12;0;0;0;5;6;0;0;0;1;14;0;1;0;0;0;5;14;4;0;0;0;11;0;0;0;0;0;0;0;0;0;0;0;0;0;15;14;0;2;12;12;0;11;0;0;0;10;0;0;0;13;14;0;0;2;0;2;0;0;16;13;0;11;6;0;0;0;15;0;0;0;0;0;0;6;0;14;14;0;0;0;7;0;0;5;10;0;0;0;0;0;0;0;0;0;0;0;3;0;0;8;0;0;0;0;0;0;1;9;0;0;0;19;0;0;1;0;5;15;15;0;3;5;4;0;0;0;0;6;19;11;0;0;0;13;0;6;0;0;5;0;8;0;8;9;15;0;0;11;19;0;0;0;0;0;0;0;0;0;17;0;0;0;0;15;2;0;0;0;16;0;13;17;5;18;0;0;3;2;0;0;0;0;0;0;2;0;0;15;12;0;0;0;0;9;0;0;0;15
0;15;10;0;0;0;7;15;0;0;0;0;2;0;0;0;0;12;0;0;6;0;0;0;0;0;4;0;0;2;2;16;14;0;0;0;12;0;0;17;14;6;0;0;0;2;9;0;0;0;16;0;17;15;11;12;0;5;0;0;0;13;3;0;0;0;16;0;7;10;1;0;2;0;0;0;0;0;18;0;8;0;0;0;0;0;0;0;0;8;19;4;0;0;0;0;0;0;0;12;0;0;0;0;0;0;0;0;0;0;0;0;1;0;0;6;0;12;17;0;14;0;0;0;4;7;0;0;0;0;6;0;0;0;7;14;13;0;0;0;17;0;0;12;12;11;0;0;0;0;1;2;0;0;6;0;0;9;10;7;9;0;0;0;0;0;9;0;0;0;0;0;0;0;0;0;4;0;0;17;0;0;0;0;0;0;2;8;0;0;1;8;0;0;0;0;0;16;0;0;8
0;0;5;0;12;0;0;0;6;0;0;0;0;11;5;5;18;0;0;0;0;16;0;9;0;1;0;0;0;6;16;0;5;11;0;0;0;0;0;0;3;0;0;0;0;1;0;2;12;2;0;0;0;0;0;19;0;19;0;0;8;16;0;0;0;17;0;0;0;0;0;0;4;12;0;1;0;0;8;0;4;5;15;0;0;6;0;1;15;0;4;0;0;2;6;0;5;7;5;10;0;1;0;2;0;0;0;0;0;12;0;0;0;0;15;0;0;0;0;0;17;0;3;0;19;8;7;0;10;17;1;0;0;0;10;13;0;5;0;0;0;5;11;0;0;0;8;14;0;0;0;0;0;0;18;1;0;0;0;19;0;0;0;9;13;0;0;0;0;0;0;0;0;0;0;0;17;12;0;0;0;0;0;4;19;0;0;6;0;15;0;0;0;7;0;0;0;0;0;0;0
0;0;16;0;0;0;0;0;14;0;0;17;2;0;19;14;0;0;12;19;5;0;0;18;0;0;9;0;0;0;19;0;0;3;0;0;1;0;13;0;0;0;0;0;0;0;0;6;0;0;0;9;0;0;0;12;0;0;0;0;0;0;0;0;2;0;0;0;13;0;0;4;2;0;0;0;0;9;0;0;0;0;0;7;15;0;0;12;16;0;0;0;0;10;0;8;0;0;0;0;0;13;0;14;0;0;0;0;0;0;0;0;0;0;17;0;0;0;0;0;0;0;0;17;3;0;0;0;0;0;0;4;0;6;5;0;0;0;0;17;0;0;0;0;0;17;5;0;0;13;12;0;0;0;8;0;11;0;0;15;17;0;0;19;0;0;0;14;16;0;0;0;0;0;0;12;0;0;4;9;0;0;0;0;3;5;0;0;0;0;13;0;0;0;0;0;0;17;0;0;0
9;0;0;0;0;6;0;0;0;0;0;0;15;0;17;0;15;0;18;0;0;0;11;15;0;19;0;0;0;0;10;0;0;12;0;0;0;0;0;0;0;0;7;0;0;0;0;0;10;0;8;9;4;15;0;2;0;0;0;0;4;0;0;2;0;0;0;0;0;0;0;4;0;9;0;13;0;4;0;0;0;0;0;0;0;0;0;0;0;0;0;0;0;17;0;0;0;0;0;0;0;9;0;0;0;0;14;0;0;2;0;14;0;10;0;0;0;9;0;0;0;0;0;7;0;0;3;0;0;0;0;0;0;0;0;0;0;0;0;0;0;0;0;0;5;0;0;12;0;0;0;0;0;0;0;0;0;0;4;0;0;0;14;0;0;0;1;0;0;0;0;0;0;4;0;0;0;0;0;0;8;0;0;0;0;0;0;10;0;0;0;17;0;3;0;0;9;17;0;0;0
0;0;0;0;1;0;5;0;0;0;0;0;11;0;0;4;0;0;0;0;6;0;0;4;0;0;0;0;0;0;0;1;0;0;0;0;7;19;0;0;0;13;0;4;0;8;0;18;0;0;0;0;0;0;18;0;0;0;2;0;0;0;13;5;0;0;0;0;3;5;0;0;1;14;0;6;13;0;0;0;0;14;0;0;0;9;19;0;0;0;18;9;0;18;0;2;0;11;14;7;15;16;0;0;0;0;0;7;0;0;12;0;0;3;1;0;15;10;0;0;0;12;0;0;0;0;0;0;0;0;0;0;0;0;18;0;0;0;0;0;0;11;2;0;0;4;0;16;0;0;0;0;0;0;0;0;0;13;4;1;4;15;16;0;0;3;0;0;13;0;0;0;4;0;14;0;0;0;4;7;19;0;1;11;1;0;0;0;18;18;0;7;10;0;0;5;18;17;17;0;0
18;8;0;0;0;0;10;0;0;0;0;0;0;12;0;0;0;16;8;3;0;0;0;0;0;0;0;10;16;0;0;0;0;0;13;17;0;0;0;0;0;0;0;0;0;0;0;4;0;0;0;0;3;0;0;0;0;0;0;17;0;1;0;5;0;0;5;0;0;0;0;12;0;0;11;9;0;0;18;2;0;0;0;16;0;0;0;0;0;5;0;0;0;0;0;0;0;15;0;0;0;0;0;0;11;15;6;0;5;1;0;0;0;0;16;0;18;0;0;0;0;0;0;0;0;0;15;14;19;0;0;9;0;7;0;9;0;0;16;0;13;0;0;12;0;0;0;5;0;0;7;7;17;5;0;0;15;0;0;0;0;0;0;0;0;0;0;2;17;0;0;0;0;14;0;19;0;10;0;0;17;5;7;0;15;12;3;0;0;0;0;0;6;8;0;0;7;0;0;5;7
0;15;19;6;0;0;0;0;6;0;0;0;0;0;0;0;0;0;13;0;0;0;0;2;0;11;16;19;8;0;0;8;0;0;0;6;16;16;0;17;0;15;0;0;0;0;8;0;0;0;0;0;0;5;0;3;6;11;4;0;0;0;0;0;14;9;11;19;11;0;0;0;0;0;0;0;6;0;2;16;0;2;14;2;0;0;0;0;0;0;0;16;0;3;0;0;0;0;17;0;14;0;12;0;10;0;13;10;0;0;0;0;0;10;0;0;0;0;0;0;0;0;0;0;10;0;0;3;0;0;0;0;7;0;0;0;0;0;3;0;0;0;19;0;0;0;7;5;7;0;16;0;0;10;0;0;12;18;0;0;2;0;0;0;6;7;0;0;5;0;0;12;0;0;19;0;0;0;0;0;0;1;0;0;0;0;0;0;0;0;0;0;0;0;7;8;19;1;0;0;12
0;0;0;0;0;0;0;0;0;16;0;14;0;4;14;0;0;0;9;0;0;0;14;0;0;0;0;0;0;0;0;0;15;0;0;0;0;6;9;0;4;0;0;9;6;0;0;0;14;0;0;0;5;0;0;0;0;0;0;0;3;0;11;0;7;0;0;15;4;0;0;0;0;0;0;18;0;11;0;13;0;0;16;16;10;6;0;17;0;0;2;0;6;4;0;0;0;0;0;0;0;0;4;0;0;0;0;0;0;6;1;0;0;0;17;0;0;0;14;0;0;0;1;12;0;7;16;1;0;19;6;2;16;0;0;0;16;7;0;19;7;0;0;0;7;0;0;0;0;0;14;9;17;0;0;0;0;0;7;0;0;0;0;19;0;0;0;0;18;4;17;0;0;0;0;0;0;2;0;0;19;3;0;15;0;0;3;0;0;0;0;0;1;16;0;0;0;0;0;14;18
0;0;4;9;0;17;0;0;0;0;0;7;0;4;0;0;2;0;17;0;0;0;0;18;15;0;15;8;0;0;9;3;9;0;0;0;0;2;0;0;0;0;0;8;13;15;0;16;2;0;0;0;0;8;0;17;0;0;0;0;0;0;0;0;0;0;0;10;0;6;4;1;0;13;9;17;0;0;0;0;19;4;0;0;0;0;0;0;18;0;0;2;0;0;0;8;0;0;0;0;1;0;3;0;13;0;10;0;0;11;0;0;0;0;0;7;0;13;9;0;0;0;0;11;17;2;0;0;0;9;0;0;1;0;9;0;0;0;0;0;16;0;0;5;16;2;0;0;9;18;0;0;8;0;0;0;0;19;2;0;0;0;0;0;0;0;0;0;0;0;12;0;0;0;10;0;2;0;0;0;0;0;0;15;0;0;0;4;0;0;0;0;0;17;0;0;2;0;1;4;0
9;0;0;0;18;5;16;2;0;12;11;0;16;0;0;0;17;13;7;0;0;0;3;0;0;5;0;0;0;0;0;0;15;6;0;0;0;0;0;19;17;0;0;0;17;0;0;0;7;16;0;0;4;0;0;0;10;0;0;12;0;18;0;0;0;19;0;0;0;0;6;11;0;0;0;0;0;4;2;0;0;0;4;0;0;1;3;0;17;0;0;0;0;0;0;0;0;0;13;0;0;16;0;0;0;0;12;0;0;18;0;2;0;8;0;2;13;0;0;0;0;1;0;0;0;8;0;0;14;0;12;5;0;0;0;0;0;0;0;0;0;0;0;17;15;0;0;0;10;0;0;0;0;15;0;0;0;0;0;0;0;0;0;0;0;11;17;9;0;0;0;4;0;4;0;0;0;0;0;0;19;9;0;0;0;6;0;0;19;12;0;11;11;8;8;0;0;4;0;0;12
2;0;0;0;5;0;1;0;0;0;0;19;0;0;10;11;0;0;0;0;0;7;9;0;0;0;0;0;0;0;0;3;0;0;0;0;5;0;0;8;0;2;0;0;0;17;0;0;0;2;0;0;0;0;0;0;6;19;19;1;0;0;12;2;12;5;0;3;0;0;0;0;19;0;0;14;17;0;17;0;0;0;0;0;14;17;0;0;0;3;0;0;0;0;0;0;0;0;0;0;0;0;0;0;0;12;18;1;0;0;0;0;0;0;0;0;0;11;0;0;0;5;0;0;14;0;0;0;0;0;6;0;0;3;0;0;0;0;0;4;1;0;0;0;0;10;0;0;0;0;18;0;0;17;5;5;0;4;0;0;0;2;0;0;8;0;0;0;3;17;0;9;0;7;0;0;0;0;0;0;0;0;10;0;0;0;0;0;0;1;14;18;0;0;7;0;0;0;0;14;0
1;0;0;1;0;0;0;0;0;0;0;11;0;0;0;1;0;0;10;0;0;0;0;12;0;2;0;7;0;0;0;0;0;0;1;0;0;0;4;0;0;0;0;0;0;0;0;6;0;0;0;0;16;13;13;13;0;18;0;0;0;17;0;0;0;0;0;0;0;19;0;0;0;0;0;0;0;0;0;0;18;0;0;0;0;0;3;0;0;0;0;0;0;0;0;8;13;0;0;0;7;0;0;0;19;5;0;0;0;9;3;4;7;0;0;0;0;0;12;2;3;0;0;11;15;0;0;2;0;5;0;4;0;0;0;18;0;0;0;0;9;0;10;0;0;0;0;1;7;10;0;14;10;0;0;0;0;0;0;0;10;11;0;4;1;0;0;0;2;0;0;0;8;19;17;0;19;0;19;0;0;0;13;0;0;0;0;19;0;10;3;0;0;0;17;0;0;0;0;0;0
12;0;0;7;0;0;0;0;0;0;0;0;0;0;0;8;18;0;0;0;0;0;17;0;0;0;0;0;11;0;0;9;0;0;0;0;5;0;15;0;0;9;1;13;1;0;0;0;0;0;1;0;0;0;0;6;0;0;0;0;0;0;8;1;19;0;0;0;0;14;13;9;0;0;6;16;0;0;3;14;0;0;0;0;0;0;0;0;0;13;3;0;8;0;16;0;0;0;0;0;0;0;0;0;0;0;0;0;0;0;17;0;18;0;0;0;0;0;0;0;0;0;1;0;0;1;14;0;8;0;0;0;0;0;6;0;0;16;0;0;0;0;0;1;0;0;0;0;0;11;0;0;17;0;0;10;1;0;0;0;0;0;0;0;0;10;8;12;0;0;0;0;0;0;5;1;3;0;9;0;0;0;0;0;5;0;0;0;0;18;0;19;0;2;0;0;0;0;0;10;0
18;0;0;0;0;0;0;0;0;0;0;0;0;4;0;0;0;0;0;0;0;16;0;0;0;12;18;11;0;0;0;5;11;0;0;2;0;0;6;0;14;12;0;0;0;15;0;3;0;12;0;0;0;0;0;0;6;0;0;0;4;12;0;0;0;0;0;0;0;0;0;4;0;11;17;0;0;5;0;0;18;0;8;0;0;0;0;0;4;0;0;0;0;0;0;12;0;3;0;0;3;0;0;0;0;0;0;0;0;0;0;0;0;0;9;0;0;0;0;0;0;9;0;0;0;0;0;12;0;0;0;0;0;0;10;0;0;0;0;9;14;0;0;0;0;0;0;0;19;0;0;13;9;0;1;0;1;1;14;0;0;0;0;0;11;15;0;0;0;0;0;0;0;1;7;0;0;0;0;10;13;0;0;0;0;0;0;13;0;14;0;17;0;0;0;0;0;0;0;0;0
2;17;0;0;0;4;0;0;3;0;0;7;4;0;0;10;0;0;0;0;9;0;0;10;6;8;0;0;0;19;14;19;0;0;0;0;0;0;0;0;0;8;0;0;0;0;0;0;0;0;4;19;0;0;6;0;6;0;0;0;0;0;17;0;0;0;0;0;0;0;5;0;12;0;0;0;0;0;0;12;0;7;0;0;0;0;13;0;0;0;12;14;0;0;14;0;12;0;0;7;3;16;0;5;0;0;0;0;16;0;0;5;0;14;0;0;1;0;0;0;0;8;0;0;13;14;0;0;11;8;8;0;17;2;19;0;0;0;0;0;0;11;0;0;0;0;11;8;0;0;0;0;0;13;0;0;2;0;2;19;0;19;0;0;0;18;0;0;0;0;4;0;0;11;0;0;15;15;0;0;0;0;0;0;0;0;12;0;0;0;1;15;0;0;0;14;9;12;0;0;0
0;6;0;17;0;10;0;0;0;13;0;0;0;0;15;14;0;11;6;17;0;0;0;3;0;9;0;5;0;18;0;0;0;1;15;0;2;0;18;0;0;10;0;3;18;0;0;0;0;11;0;0;19;0;0;0;0;6;0;19;0;12;0;0;14;13;17;0;0;0;0;0;0;4;0;0;0;0;0;3;5;0;8;0;0;0;0;0;8;4;0;6;6;0;0;5;1;0;0;16;0;0;0;0;0;0;0;0;0;0;0;0;0;0;0;14;0;0;11;0;0;0;14;0;0;0;0;0;16;9;0;0;0;0;0;0;0;0;7;14;0;0;0;0;0;0;0;0;0;0;2;0;0;11;0;0;0;0;0;18;13;0;0;0;10;0;0;0;0;0;19;3;0;1;15;0;0;0;0;0;0;5;0;0;0;0;2;0;0;0;8;0;0;18;0;0;0;0;6;7;0
6;0;0;0;0;10;0;0;0;0;0;13;4;0;0;0;4;4;0;16;0;0;0;0;12;0;0;0;19;0;0;0;15;0;0;0;0;0;0;15;0;0;0;0;0;5;0;0;0;2;3;0;2;13;6;0;0;0;0;0;0;1;0;0;0;9;0;0;19;0;0;17;9;0;18;0;0;0;7;0;0;0;0;0;0;4;0;7;0;0;0;17;0;19;0;0;13;6;0;0;9;0;0;6;0;0;0;0;0;0;0;0;1;18;0;8;14;0;12;13;0;0;11;16;0;14;0;0;0;15;0;0;0;16;0;0;0;12;0;0;0;0;0;6;0;6;0;5;16;10;13;19;0;13;9;0;0;0;0;0;0;0;0;0;0;18;10;12;0;0;0;5;0;0;12;0;0;0;6;0;0;0;0;0;0;0;0;12;8;11;0;2;0;0;0;0;0;0;0;0;0
4;10;0;17;12;18;0;0;16;0;0;0;0;12;0;0;0;14;0;0;0;9;8;0;0;0;7;0;0;0;6;11;0;0;0;0;0;0;0;0;9;0;0;0;0;0;0;2;0;16;7;0;1;2;0;0;0;0;0;3;17;0;17;0;3;0;2;11;0;0;19;1;0;0;0;0;0;7;0;0;0;0;14;0;0;7;0;9;0;0;0;0;0;0;0;9;0;15;12;4;3;0;0;2;0;0;1;0;0;0;2;0;0;2;15;14;0;0;0;0;3;2;0;7;0;0;0;0;2;0;0;0;16;17;10;0;0;0;0;14;0;0;0;0;2;10;0;0;0;0;11;0;11;0;1;17;0;12;0;0;18;0;0;0;0;0;0;13;0;2;0;0;0;0;3;0;3;0;0;0;0;0;0;12;2;0;0;0;0;0;0;0;0;0;9;0;12;1;0;0;0
0;0;10;16;14;0;0;3;0;0;0;0;1;0;0;4;0;0;0;0;0;0;0;0;0;0;0;6;0;9;14;0;12;1;0;0;0;0;0;15;0;11;0;0;0;0;1;17;0;0;0;19;7;0;0;0;0;11;0;0;4;0;12;0;0;0;4;0;0;9;0;0;0;6;0;0;0;0;0;0;0;0;0;17;0;6;0;0;7;0;0;0;0;0;8;0;14;0;16;0;6;0;0;0;0;15;12;0;0;0;0;14;0;0;0;0;0;0;0;0;0;0;0;0;0;0;0;13;0;7;0;0;0;0;4;10;13;6;0;0;15;0;8;0;0;0;0;0;0;0;0;0;0;16;15;0;0;17;14;0;0;0;0;0;0;0;0;0;2;8;6;0;10;0;0;0;0;4;0;0;19;0;13;0;0;12;0;0;10;3;0;0;0;0;8;0;0;0;8;10;0
0;0;16;0;0;0;11;0;0;0;0;0;0;0;0;0;0;0;0;0;0;5;0;0;6;14;0;0;0;0;0;0;0;0;0;12;0;12;15;0;0;0;0;0;0;0;0;0;0;18;0;0;0;0;4;0;10;0;17;0;0;0;0;0;0;0;0;1;0;0;0;8;0;0;7;0;0;6;0;0;0;0;0;0;0;15;0;0;0;0;0;5;0;0;0;3;0;0;0;0;7;0;0;0;0;0;13;14;3;0;0;19;1;0;10;0;1;3;12;0;7;0;18;17;8;0;8;0;0;0;0;0;0;3;11;0;0;0;4;0;0;4;0;4;16;0;0;0;9;0;0;0;10;0;0;4;5;0;0;5;0;18;0;19;0;5;7;0;0;0;0;0;0;18;0;0;0;0;19;0;0;0;0;0;0;8;0;10;0;11;6;0;0;0;0;0;0;0;10;9;0
0;14;0;16;0;0;0;0;0;0;0;0;0;0;18;0;4;13;0;0;0;0;0;2;18;12;0;0;3;16;0;7;0;0;0;0;0;0;0;0;0;18;16;19;14;0;0;0;0;0;0;0;0;0;0;0;0;0;0;0;0;0;0;16;5;0;16;1;0;0;15;15;0;0;0;0;12;0;2;0;13;19;0;0;0;0;0;0;0;16;0;0;0;0;0;0;0;0;7;0;0;0;0;0;0;0;7;13;0;11;0;0;15;0;0;0;16;0;0;0;0;1;0;0;0;0;0;0;0;0;0;0;0;0;0;0;17;18;19;15;18;0;0;10;0;0;0;0;15;0;0;0;0;0;0;7;0;0;11;0;19;16;10;0;0;0;8;0;0;0;15;0;0;18;0;0;0;0;12;1;10;18;14;0;0;11;0;3;11;0;0;0;0;0;10;0;0;0;0;0;0
0;0;0;0;0;0;0;1;0;0;0;0;0;0;0;0;0;0;17;4;2;0;0;0;0;17;0;0;0;0;0;0;0;11;0;0;7;9;7;0;0;0;0;0;0;0;0;0;0;0;0;7;0;0;0;6;0;0;0;0;0;0;0;0;0;0;1;11;0;0;0;0;0;0;0;0;5;0;16;0;0;0;3;0;9;0;8;0;0;6;0;14;0;14;6;18;0;0;0;0;4;0;0;0;10;0;0;0;16;0;0;5;0;0;0;8;0;0;0;0;0;15;3;12;6;0;17;0;8;0;0;0;0;0;7;0;0;5;0;9;8;0;0;0;1;7;3;0;0;5;0;0;0;16;4;8;0;0;14;0;0;0;0;4;0;0;2;0;15;1;0;13;0;0;0;0;0;0;0;14;3;0;0;1;8;0;0;0;6;0;0;0;0;0;0;8;0;0;0;0;0
0;0;0;0;0;0;0;0;0;0;3;0;0;0;0;13;14;13;1;0;0;0;0;0;0;0;0;0;0;17;0;0;0;0;19;0;0;11;0;0;18;0;0;19;0;12;15;0;0;3;0;0;16;0;0;0;0;0;0;14;18;0;0;13;0;0;5;0;0;0;5;0;14;0;0;16;0;0;0;14;0;12;0;0;18;0;0;18;2;0;0;0;0;0;9;0;6;0;0;9;0;0;0;0;15;0;1;0;0;0;6;0;0;0;6;18;0;0;0;10;10;3;0;7;0;0;0;0;0;16;0;0;0;0;0;11;0;0;1;13;0;0;0;11;11;0;0;0;0;0;15;0;0;4;0;9;0;0;0;0;0;0;0;12;0;0;3;0;12;8;0;0;17;7;0;0;0;0;11;18;0;19;17;15;0;2;0;0;0;0;0;0;0;11;0;0;0;0;0;17;0
0;0;0;0;0;0;7;7;0;14;7;0;0;0;0;16;0;0;0;0;0;0;9;1;4;0;17;0;11;0;6;15;0;0;0;15;8;0;12;0;5;0;0;0;0;0;16;0;0;0;12;14;0;0;0;0;0;0;0;0;12;2;0;19;0;7;0;0;8;0;0;8;0;0;7;0;18;14;10;0;14;0;0;0;0;0;0;0;0;19;0;0;0;0;0;0;0;0;7;0;3;0;11;0;0;0;16;0;8;0;0;0;0;17;0;0;0;18;0;0;0;0;18;3;7;0;0;0;0;0;2;0;16;1;0;15;1;0;0;1;0;0;16;0;14;0;5;7;0;17;0;0;0;0;0;0;0;13;17;6;0;11;5;0;0;0;0;0;0;0;0;0;0;10;6;0;1;0;11;0;0;0;0;0;0;0;0;0;0;0;0;0;0;0;0;0;9;0;16;3;9
0;0;0;5;0;0;0;0;13;0;0;0;0;0;19;5;0;0;0;12;0;0;0;8;0;0;0;0;1;0;14;0;0;18;0;0;0;9;0;0;0;0;0;18;15;0;8;0;3;0;0;0;0;0;0;0;0;0;0;0;0;0;0;10;0;0;0;0;0;8;0;0;0;16;0;0;0;2;15;0;0;4;6;0;0;0;0;3;0;0;0;0;0;0;0;0;0;0;19;0;2;13;0;0;0;5;0;0;0;4;4;0;0;0;0;0;0;0;0;0;15;0;0;17;6;5;0;7;0;0;0;8;0;0;14;0;0;0;0;0;0;0;0;8;12;0;0;0;17;17;0;0;0;0;0;0;0;0;0;0;7;8;1;0;0;0;0;0;0;0;7;0;3;0;8;0;16;17;8;0;0;2;0;0;18;0;0;0;0;0;0;11;0;0;0;0;0;0;0;0;6
0;16;18;3;0;0;0;0;17;13;0;0;7;0;4;0;14;0;0;0;0;0;0;0;0;0;3;2;0;12;0;0;0;0;0;0;10;0;0;0;0;0;0;0;0;0;0;0;16;9;0;0;0;0;0;0;2;0;0;0;17;0;0;0;0;0;19;0;0;0;0;0;3;0;0;0;6;0;0;16;0;0;0;0;0;0;0;11;0;0;0;0;1;6;0;11;0;0;0;15;0;0;0;0;2;4;18;4;0;0;0;0;0;17;10;0;18;4;0;0;2;0;0;0;0;0;0;0;0;0;15;0;0;10;6;0;0;7;0;0;0;0;13;0;0;0;0;15;0;0;0;19;0;10;0;0;0;0;0;14;18;0;0;0;10;0;0;2;0;0;0;0;0;0;0;7;0;0;8;7;17;0;0;0;0;0;9;8;0;10;0;0;0;0;0;1;0;0;0;0;0
0;0;0;0;8;4;0;0;0;0;0;0;0;0;0;19;0;0;0;0;16;0;4;0;0;0;2;0;0;0;0;11;0;0;11;2;0;0;14;16;0;0;0;0;0;0;9;17;0;0;0;6;1;0;0;0;12;0;0;0;0;0;0;0;0;0;0;18;0;0;0;4;5;0;0;0;0;0;2;0;0;0;0;0;0;0;0;9;0;0;12;0;0;0;0;0;0;0;19;19;0;0;0;0;13;0;0;0;0;0;0;0;0;0;0;0;0;0;0;0;0;0;0;0;0;5;0;0;0;0;0;3;17;5;0;0;4;0;0;1;0;0;0;0;0;0;0;0;10;11;0;19;1;5;0;16;0;0;0;0;0;4;0;9;9;0;0;0;0;0;0;0;0;5;0;8;0;0;0;0;0;0;0;14;0;0;0;0;0;0;8;0;0;0;1;0;1;0;0;2;0
0;0;1;19;0;0;0;0;0;0;0;0;0;0;0;0;0;15;0;0;0;19;0;0;0;0;0;0;0;0;0;0;5;0;0;0;0;10;1;4;14;11;0;18;0;0;0;0;1;0;17;0;0;13;0;19;0;0;0;0;0;0;0;14;9;0;0;0;0;0;0;0;0;0;7;9;0;0;0;0;9;0;0;0;11;0;0;17;0;12;0;14;0;0;0;0;0;0;0;11;11;0;10;0;0;0;0;3;5;6;0;0;0;0;0;0;9;0;0;5;0;0;0;0;0;0;0;0;9;0;9;1;0;0;0;0;13;0;0;0;9;0;0;0;0;0;0;0;0;0;0;0;0;0;0;0;0;0;0;0;5;2;0;0;16;2;1;0;9;0;0;0;9;18;7;19;0;2;0;0;0;0;0;9;0;0;12;0;0;0;0;0;9;0;0;1;0;0;0;5;9
2;0;0;0;0;0;14;0;18;10;0;0;7;0;0;8;0;0;0;6;0;0;0;0;0;0;0;0;0;0;0;2;15;0;2;0;0;0;0;6;0;0;0;15;0;0;0;0;0;0;0;0;0;3;14;10;0;14;0;0;0;0;0;0;0;0;18;6;0;5;0;9;0;4;2;0;11;0;0;4;0;0;0;0;0;0;0;16;0;0;4;10;4;14;13;0;15;0;1;0;0;0;0;4;19;0;0;0;11;17;0;0;0;9;17;0;0;0;0;2;0;0;0;0;0;0;0;3;0;0;0;14;0;0;0;0;0;0;0;0;13;0;0;7;0;9;3;0;0;7;0;0;0;0;0;0;0;0;0;0;7;0;0;0;0;0;0;0;0;16;0;17;17;17;0;1;0;0;4;0;0;0;0;12;0;0;1;0;0;0;0;0;0;0;0;0;0;0;3;0;11
0;0;0;16;0;0;0;0;8;7;0;0;0;0;0;0;0;0;0;8;0;0;0;17;0;0;0;0;0;0;0;0;0;0;0;0;0;4;4;14;10;0;19;0;14;0;0;0;16;17;1;0;0;3;16;19;0;0;17;0;0;0;0;3;0;0;0;12;0;0;12;0;0;2;0;0;0;0;10;19;12;0;4;0;7;12;0;18;0;8;4;12;0;4;10;0;0;9;19;5;0;0;0;0;0;1;0;0;0;17;0;0;7;0;0;0;0;1;0;1;0;0;0;0;1;0;0;0;12;11;0;0;0;14;0;0;0;0;0;0;0;0;15;0;0;0;3;16;10;0;0;0;0;0;0;0;0;0;0;0;0;3;0;0;0;0;1;0;0;0;0;0;0;17;0;0;0;1;0;0;0;0;0;0;6;0;0;8;10;0;0;0;16;0;0;0;0;3;0;0;0
0;0;0;0;0;0;0;0;0;9;0;0;10;0;0;0;0;0;4;17;0;2;0;0;0;13;0;0;0;4;12;0;0;0;0;0;0;19;2;0;0;0;2;0;0;0;0;0;0;0;0;0;0;0;13;11;0;0;0;17;0;0;0;16;19;3;11;0;17;0;0;0;3;7;0;0;11;0;7;0;0;3;0;17;12;0;0;0;7;0;3;9;0;0;0;3;16;0;0;0;0;0;0;0;0;0;19;0;13;3;0;12;0;19;0;16;0;0;5;2;0;0;13;6;0;11;0;0;0;0;0;0;0;9;0;13;15;0;17;1;15;0;0;0;0;0;0;0;0;12;0;0;0;0;9;9;2;0;2;11;18;0;0;0;8;0;0;0;0;0;0;0;0;0;5;0;14;4;0;14;0;10;0;0;7;0;0;10;9;0;0;17;3;0;0;2;5;0;0;0;0
0;0;0;0;0;0;0;0;0;0;0;0;0;0;0;0;16;0;0;17;0;0;0;0;8;15;0;0;8;0;0;0;19;5;0;0;0;0;0;0;6;0;0;12;0;5;11;0;0;0;5;0;0;0;0;0;15;0;0;11;0;9;0;13;17;0;0;0;0;8;0;0;11;3;9;0;0;0;13;0;0;0;12;0;4;0;8;0;0;0;0;3;0;0;0;0;0;19;6;1;0;0;0;9;16;0;0;0;0;0;0;0;0;0;9;0;0;0;0;12;12;0;17;3;0;0;0;0;0;0;0;15;0;0;0;0;0;0;0;0;0;0;0;0;0;0;14;0;0;0;0;0;12;4;0;0;0;16;0;0;0;0;0;0;0;0;0;9;15;8;0;0;0;0;7;12;18;0;12;0;0;0;0;0;0;0;0;0;0;0;0;0;9;6;0;0;9;11;0;0;0
