101
0;0;10;0;19;1;0;0;0;0;0;19;0;0;0;7;3;13;12;10;7;0;0;7;15;0;9;0;19;14;2;11;0;6;16;17;18;12;11;0;0;0;11;0;0;13;0;0;0;0;0;19;6;0;3;0;0;0;1;12;0;2;0;0;0;8;6;2;0;0;0;0;0;0;0;0;0;8;0;10;16;16;0;11;0;11;17;7;0;0;0;0;0;5;0;3;0;0;0;2;0
0;0;0;0;16;5;17;0;7;0;0;0;3;0;0;0;10;4;0;0;0;12;0;0;17;0;16;15;18;6;0;0;10;18;0;0;11;13;14;5;16;0;8;18;18;18;12;6;0;0;17;4;18;9;0;10;0;7;5;7;19;0;0;0;10;0;0;1;16;2;2;6;8;0;0;19;0;0;10;0;12;0;8;3;0;0;0;0;0;3;18;11;0;0;1;2;8;0;0;14;0
10;0;0;16;5;0;14;0;9;0;7;0;12;18;0;0;0;0;17;0;0;0;0;0;0;11;0;12;0;0;0;0;0;18;0;0;0;0;0;0;16;1;0;0;0;0;0;4;7;0;0;0;2;3;8;9;7;0;19;11;13;7;0;15;0;0;0;19;0;17;0;0;2;0;3;0;0;0;18;0;10;0;19;3;0;19;0;2;9;0;0;7;13;4;5;17;10;11;4;3;0
0;0;16;0;8;8;0;0;0;13;0;0;9;12;18;16;15;0;7;0;0;0;18;0;0;18;14;10;6;10;0;0;16;1;17;0;7;8;11;0;7;3;17;0;0;0;1;0;15;2;0;18;10;0;6;7;0;0;14;0;3;19;10;12;4;16;16;0;1;0;0;9;18;0;15;0;3;0;0;16;17;17;0;0;0;0;9;0;0;11;0;2;4;0;0;0;13;6;0;2;0
19;16;5;8;0;0;6;0;0;0;9;0;0;0;19;0;0;14;2;18;0;0;19;0;0;15;0;0;4;0;15;14;18;0;17;0;0;0;3;0;10;0;18;0;19;10;0;7;11;0;9;0;8;0;19;3;0;13;0;1;9;0;12;0;16;12;9;0;0;0;0;5;0;17;0;6;0;7;3;0;0;18;0;17;19;0;0;0;1;0;0;3;0;0;0;0;19;7;0;0;2
1;5;0;8;0;0;0;0;0;0;9;0;5;0;16;0;0;16;13;3;14;0;6;0;8;0;5;0;9;0;0;0;19;0;0;0;12;0;4;9;17;0;0;19;0;14;8;0;11;0;11;0;2;0;0;0;0;5;0;0;0;12;0;0;1;0;10;0;3;14;4;18;19;0;9;4;0;0;1;0;0;0;0;16;13;0;14;19;0;0;7;2;0;11;0;0;10;0;19;17;0
0;17;14;0;6;0;0;14;0;0;0;0;0;14;0;5;0;0;0;0;18;0;0;0;8;5;15;0;0;13;0;15;3;9;0;0;0;12;19;9;0;11;0;0;0;0;17;0;0;15;15;14;10;15;4;18;1;1;0;0;6;0;0;3;0;0;18;0;18;10;0;1;0;9;18;0;0;0;0;0;9;0;15;0;13;14;0;0;0;17;0;3;0;2;7;9;3;0;0;2;11
0;0;0;0;0;0;14;0;8;0;0;4;9;16;0;10;11;7;11;2;4;10;0;0;0;5;0;8;0;6;10;13;0;0;0;0;2;0;3;0;0;0;16;0;5;0;0;13;0;8;12;2;0;0;12;12;0;16;8;12;0;16;0;0;9;14;8;3;0;0;14;0;0;5;0;6;0;2;0;0;0;17;8;0;0;9;0;0;0;9;11;0;8;13;4;11;10;5;0;16;0
0;7;9;0;0;0;0;8;0;13;0;0;8;3;0;2;18;0;0;0;0;0;0;7;11;10;0;0;11;0;4;0;0;0;17;2;0;0;0;0;0;0;0;2;0;0;11;6;0;6;10;7;0;13;0;0;13;8;16;0;5;0;0;18;0;3;0;16;5;0;8;6;6;16;11;0;8;0;1;0;0;12;0;0;0;5;1;14;18;0;13;18;19;0;5;7;3;0;13;0;13
0;0;0;13;0;0;0;0;13;0;0;0;18;0;8;0;0;18;0;0;7;1;0;6;0;0;18;0;18;18;7;0;7;0;4;12;0;0;0;13;12;1;5;0;0;0;5;9;9;0;10;6;0;0;2;19;0;0;0;0;7;18;0;3;0;0;7;17;0;5;2;0;19;0;10;0;13;0;0;0;0;11;0;0;0;17;3;18;3;3;9;0;13;9;13;0;0;16;9;6;12
0;0;7;0;9;9;0;0;0;0;0;1;0;0;0;4;19;14;0;0;3;0;9;13;0;0;3;7;18;0;0;0;0;0;0;5;2;2;0;0;0;7;0;3;4;0;11;4;10;1;12;0;0;8;19;0;10;0;15;0;12;9;0;1;0;8;0;5;5;7;0;0;0;0;0;4;0;0;0;17;6;6;12;19;2;18;19;0;9;0;0;13;0;0;0;0;0;2;13;0;2
19;0;0;0;0;0;0;4;0;0;1;0;13;2;19;0;0;0;9;10;17;0;3;2;0;0;0;11;0;19;6;8;12;4;0;0;17;3;16;18;11;16;13;5;0;0;0;16;0;13;9;0;9;0;0;19;0;0;2;5;14;4;0;4;0;16;9;0;0;0;0;8;0;0;0;13;0;0;2;2;0;0;0;11;2;0;6;14;11;2;0;0;9;6;14;0;9;0;10;0;0
0;3;12;9;0;5;0;9;8;18;0;13;0;8;13;6;3;0;0;3;2;0;0;0;0;19;16;13;0;10;4;8;0;0;0;3;8;0;19;7;13;0;0;0;14;0;16;0;6;0;12;18;0;0;18;0;0;2;18;0;7;0;13;0;0;0;7;0;0;0;3;9;2;0;1;0;18;10;0;18;0;0;15;0;0;0;0;0;0;18;7;1;17;0;0;0;0;0;2;0;0
0;0;18;12;0;0;14;16;3;0;0;2;8;0;2;19;0;0;19;19;0;3;0;19;14;0;0;0;0;8;0;0;0;11;0;0;13;0;11;11;2;0;9;0;10;0;0;0;0;8;0;0;18;0;0;0;7;0;11;16;0;0;8;15;17;0;4;15;0;0;14;16;0;0;0;13;12;4;0;0;0;16;7;0;3;10;2;6;14;0;0;0;0;0;0;0;17;0;14;8;0
0;0;0;18;19;16;0;0;0;8;0;19;13;2;0;19;7;16;0;13;0;0;0;0;0;0;7;0;0;6;0;3;0;0;12;0;16;5;15;16;0;0;4;0;13;0;0;13;0;6;0;1;0;0;4;0;3;0;12;11;0;0;0;0;12;0;11;8;0;0;0;9;10;0;9;17;9;0;0;11;0;11;0;0;18;0;7;0;0;0;0;11;0;0;6;0;16;8;0;0;8
7;0;0;16;0;0;5;10;2;0;4;0;6;19;19;0;0;1;16;0;16;5;14;0;6;19;0;0;0;0;0;7;0;0;1;0;10;0;0;0;8;7;0;0;15;0;0;1;3;3;0;18;2;1;0;8;0;5;0;7;17;0;16;0;19;0;1;5;0;6;0;0;0;0;0;2;0;0;0;18;5;14;5;0;0;8;0;0;0;0;0;0;0;18;4;16;2;0;0;9;0
3;10;0;15;0;0;0;11;18;0;19;0;3;0;7;0;0;19;0;0;0;0;0;14;0;19;0;0;0;0;4;18;0;0;0;12;18;0;0;0;0;0;0;17;12;0;4;17;9;7;3;0;2;0;3;11;0;12;12;0;0;2;7;10;17;3;4;17;0;7;0;0;11;0;0;0;0;17;3;10;0;11;6;0;0;0;0;13;0;17;0;0;0;0;0;0;0;0;19;0;0
13;4;0;0;14;16;0;7;0;18;14;0;0;0;16;1;19;0;0;0;3;0;0;8;12;7;0;10;0;0;0;0;0;16;0;5;0;19;0;0;11;14;5;15;16;7;0;0;4;0;0;0;14;13;13;0;0;4;0;0;0;0;18;0;10;0;4;0;0;0;0;0;0;0;5;17;0;0;16;2;0;0;16;0;19;0;17;10;0;0;0;9;0;16;4;0;15;17;0;0;6
12;0;17;7;2;13;0;11;0;0;0;9;0;19;0;16;0;0;0;0;11;11;4;11;15;8;8;0;7;6;0;0;0;7;15;0;4;11;5;0;10;0;14;18;0;0;0;0;17;0;0;12;0;0;0;8;12;0;0;17;12;0;0;9;0;0;4;0;19;0;0;0;0;0;1;0;0;0;0;0;0;16;0;4;0;0;0;11;0;9;4;15;1;16;7;0;16;0;0;6;19
10;0;0;0;18;3;0;2;0;0;0;10;3;19;13;0;0;0;0;0;0;1;0;0;0;0;0;4;0;5;0;0;0;18;0;0;14;0;1;11;6;6;5;2;0;0;7;1;2;11;18;7;0;0;8;0;0;0;0;4;8;0;0;0;5;18;0;0;19;14;9;3;0;0;0;0;8;7;0;10;0;0;15;0;10;0;5;0;0;0;18;2;0;16;2;1;0;0;5;0;14
7;0;0;0;0;14;18;4;0;7;3;17;2;0;0;16;0;3;11;0;0;15;12;5;0;15;12;2;0;16;1;7;14;0;12;0;0;18;12;7;0;18;0;0;10;7;11;12;0;10;12;18;0;8;0;16;0;5;16;0;6;0;0;10;0;15;0;15;13;7;18;12;0;0;0;0;0;4;0;0;0;16;19;0;0;0;4;3;18;0;0;11;0;7;0;7;12;6;16;13;15
0;12;0;0;0;0;0;10;0;1;0;0;0;3;0;5;0;0;11;1;15;0;9;0;0;0;0;2;14;11;15;0;9;12;0;0;2;5;13;13;16;8;9;0;0;0;0;0;13;2;0;13;0;18;0;0;0;9;0;15;0;0;0;19;4;0;0;0;0;0;13;19;0;0;0;18;12;0;0;11;18;0;15;15;6;1;12;13;6;5;1;11;0;13;8;10;16;0;0;16;0
0;0;0;18;19;6;0;0;0;0;9;3;0;0;0;14;0;0;4;0;12;9;0;18;2;17;0;0;3;0;18;14;0;18;0;0;19;13;1;0;11;8;0;0;2;11;0;0;0;18;0;3;13;0;16;0;0;0;0;0;0;0;0;12;12;7;0;9;0;0;0;7;1;15;0;10;4;13;0;1;14;8;0;0;19;0;0;0;16;0;0;15;14;0;8;18;0;16;9;14;0
7;0;0;0;0;0;0;0;7;6;13;2;0;19;0;0;14;8;11;0;5;0;18;0;2;6;0;4;0;0;0;6;0;2;0;0;16;14;15;0;0;3;3;11;0;0;0;0;11;0;18;16;0;18;4;0;0;14;0;0;14;8;0;13;4;0;10;18;4;3;0;4;11;5;5;6;1;0;0;0;0;9;1;0;5;8;0;2;12;3;0;0;2;0;0;0;14;3;2;0;0
15;17;0;0;0;8;8;0;11;0;0;0;0;14;0;6;0;12;15;0;0;0;2;2;0;1;0;0;0;0;7;5;8;13;0;16;0;0;0;0;0;0;0;9;0;0;0;0;6;0;0;0;0;0;0;10;9;0;0;0;0;2;0;18;0;6;0;6;3;0;11;0;17;7;0;0;12;0;13;0;0;6;14;9;0;0;0;4;0;15;5;0;0;6;7;13;12;1;9;1;3
0;0;11;18;15;0;5;5;10;0;0;0;19;0;0;19;19;7;8;0;15;0;17;6;1;0;0;0;16;15;14;0;0;0;15;0;8;0;3;0;0;0;0;0;2;0;18;0;0;0;7;6;0;0;7;8;0;0;4;16;11;7;7;15;15;1;6;18;0;0;0;0;0;6;0;0;10;18;0;0;2;11;0;13;0;0;7;0;6;0;17;8;0;1;0;0;3;0;1;10;12
9;16;0;14;0;5;15;0;0;18;3;0;16;0;7;0;0;0;8;0;12;0;0;0;0;0;0;3;0;0;2;7;5;13;0;19;0;0;16;0;19;2;0;0;0;16;0;0;14;0;3;0;10;14;10;0;0;0;0;3;0;0;0;0;8;12;0;0;15;0;7;2;0;0;9;6;0;0;0;0;11;7;17;19;19;14;3;0;0;17;0;3;0;0;0;19;12;0;0;13;9
0;15;12;10;0;0;0;8;0;0;7;11;13;0;0;0;0;10;0;4;2;2;0;4;0;0;3;0;13;0;0;0;19;0;1;4;1;14;0;0;0;11;8;8;0;0;0;11;0;8;0;0;0;0;2;5;0;4;0;0;3;14;15;0;0;2;0;9;13;13;0;0;0;7;11;9;0;9;0;0;9;0;0;17;6;16;6;11;1;0;7;0;4;15;0;0;19;0;0;7;0
19;18;0;6;4;9;0;0;11;18;18;0;0;0;0;0;0;0;7;0;0;14;3;0;0;16;0;13;0;8;0;3;0;0;7;11;8;2;8;0;6;8;0;0;5;6;4;0;0;12;10;6;0;0;0;0;0;2;0;13;0;0;0;0;0;16;15;6;18;0;10;10;19;1;0;0;14;6;5;19;0;0;8;0;6;0;9;0;0;0;0;0;0;16;17;0;17;17;11;0;0
14;6;0;10;0;0;13;6;0;18;0;19;10;8;6;0;0;0;6;5;16;11;0;0;0;15;0;0;8;0;0;6;6;19;0;6;3;0;0;10;7;0;0;0;10;0;0;9;0;12;8;0;0;6;0;5;0;8;0;0;8;14;12;0;17;6;0;6;0;8;6;4;1;0;10;0;13;2;0;8;0;1;0;0;0;0;14;0;8;0;0;3;8;2;0;0;0;0;18;0;11
2;0;0;0;15;0;0;10;4;7;0;6;4;0;0;0;4;0;0;0;1;15;18;0;7;14;2;0;0;0;0;0;16;1;0;5;0;0;12;0;0;17;0;0;17;17;8;14;0;0;0;14;10;0;0;16;0;7;6;0;14;6;11;0;13;11;2;0;13;0;5;14;0;1;3;15;0;17;0;4;7;0;17;18;7;0;0;0;5;0;0;16;0;12;6;18;0;3;13;0;0
11;0;0;0;14;0;15;13;0;0;0;8;8;0;3;7;18;0;0;0;7;0;14;6;5;0;7;0;3;6;0;0;0;0;0;0;0;10;0;0;14;0;0;0;17;11;11;0;0;14;0;0;0;0;0;0;0;0;4;0;0;0;18;0;0;15;0;19;0;0;6;11;5;15;0;18;4;7;0;3;10;11;10;15;4;0;6;2;0;0;0;0;18;11;17;6;2;11;0;2;19
0;10;0;16;18;19;3;0;0;7;0;12;0;0;0;0;0;0;0;0;14;9;0;0;8;0;5;19;0;6;16;0;0;10;0;16;0;18;19;11;0;0;0;0;0;7;0;0;0;1;0;16;0;0;5;0;3;0;0;0;4;15;0;0;0;8;7;3;14;16;12;15;0;0;16;0;0;0;0;0;0;5;0;0;0;19;0;0;9;1;1;0;0;10;14;0;10;0;0;19;15
6;18;18;1;0;0;9;0;0;0;0;4;0;11;0;0;0;16;7;18;0;12;18;2;13;0;13;0;0;19;1;0;10;0;5;15;0;0;0;0;0;16;16;0;0;9;9;0;4;0;16;0;0;7;14;9;3;0;11;3;0;0;0;0;8;13;17;8;7;14;0;10;0;18;0;17;0;8;11;0;12;0;12;0;0;12;3;0;5;0;16;7;7;0;0;0;7;19;0;14;15
16;0;0;17;17;0;0;0;17;4;0;0;0;0;12;1;0;0;15;0;12;0;0;0;0;15;0;1;7;0;0;0;0;5;0;0;5;0;12;7;0;8;14;16;0;1;6;0;0;5;8;6;15;0;12;0;5;0;0;0;0;2;18;0;15;0;0;0;11;0;5;14;5;18;8;10;9;11;19;0;17;0;17;3;0;0;3;0;0;0;0;2;0;14;0;14;4;0;15;2;0
17;0;0;0;0;0;0;0;2;12;5;0;3;0;0;0;12;5;0;0;0;0;0;0;16;0;19;4;11;6;5;0;16;15;0;0;12;12;11;0;0;0;4;10;12;1;9;1;0;18;0;2;0;0;0;3;0;13;17;0;0;4;0;0;0;0;6;0;0;0;4;5;0;1;0;0;0;0;5;12;15;0;0;3;18;6;0;15;0;15;10;0;3;8;11;11;0;11;19;12;0
18;11;0;7;0;12;0;2;0;0;2;17;8;13;16;10;18;0;4;14;0;2;19;16;0;8;0;1;8;3;0;0;0;0;5;12;0;8;15;0;0;16;0;13;0;12;12;0;0;0;0;0;19;7;13;16;6;0;18;9;0;5;14;4;16;0;3;8;18;11;8;0;17;16;2;4;0;17;5;12;0;0;3;1;0;10;0;15;0;0;14;15;0;0;0;0;15;11;0;0;0
12;13;0;8;0;0;12;0;0;0;2;3;0;0;5;0;0;19;11;0;18;5;13;14;0;0;0;14;2;0;0;10;18;0;0;12;8;0;0;0;0;0;4;0;0;12;0;9;2;0;0;0;14;16;4;2;0;3;0;0;0;0;5;13;9;0;0;0;1;13;0;0;0;0;0;10;15;18;0;13;11;18;3;0;0;0;0;17;19;15;0;0;10;7;11;0;16;6;0;0;11
11;14;0;11;3;4;19;3;0;0;0;16;19;11;15;0;0;0;5;1;12;13;1;15;0;3;16;0;8;0;12;0;19;0;12;11;15;0;0;10;0;8;0;5;1;0;0;19;0;0;4;0;0;0;10;0;0;5;0;0;0;0;0;0;17;0;11;0;0;0;0;7;4;2;0;6;9;0;10;18;0;0;16;0;19;0;10;0;17;8;10;0;0;16;3;0;0;0;0;9;9
0;5;0;0;0;9;9;0;0;13;0;18;7;11;16;0;0;0;0;11;7;13;0;0;0;0;0;0;0;10;0;0;11;0;7;0;0;0;10;0;0;0;8;1;14;0;10;5;12;0;0;5;6;0;7;1;0;15;17;0;7;0;0;0;3;1;0;0;9;12;15;6;10;0;0;1;0;15;0;0;8;0;0;12;0;0;0;9;18;0;16;13;0;0;6;11;0;9;9;13;4
0;16;16;7;10;17;0;0;0;12;0;11;13;2;0;8;0;11;10;6;0;16;11;0;0;0;19;0;6;7;0;14;0;0;0;0;0;0;0;0;0;15;0;0;0;10;0;0;4;9;13;0;0;0;0;15;16;7;0;0;0;0;0;9;18;5;0;19;10;0;0;4;17;0;16;0;19;0;0;0;15;0;0;18;9;0;0;16;0;0;0;0;10;11;0;0;10;0;0;5;0
0;0;1;3;0;0;11;0;0;1;7;16;0;0;0;7;0;14;0;6;18;8;8;3;0;0;2;11;8;0;17;0;0;16;8;0;16;0;8;0;15;0;0;1;0;0;3;0;19;10;6;19;15;12;2;0;1;0;3;14;6;0;0;0;4;19;0;0;0;0;6;19;1;10;0;9;8;0;0;0;1;5;0;6;10;11;11;0;19;0;10;0;6;14;0;12;0;10;0;18;10
11;8;0;17;18;0;0;16;0;5;0;13;0;9;4;0;0;5;14;5;0;9;0;3;0;0;0;8;0;0;0;0;0;16;14;4;0;4;0;8;0;0;0;10;6;0;7;0;1;0;0;11;0;9;0;0;0;0;19;0;0;17;0;9;13;13;8;0;10;5;0;0;0;0;0;0;0;12;19;0;0;0;8;0;15;0;0;15;7;0;10;0;0;0;8;0;7;8;0;0;7
0;18;0;0;0;19;0;0;2;0;3;5;0;0;0;0;17;15;18;2;0;0;0;11;9;0;0;8;0;0;0;0;0;0;16;10;13;0;5;1;0;1;10;0;16;4;18;0;4;0;0;17;8;11;7;11;0;3;0;10;0;17;0;0;0;0;0;0;18;0;0;0;17;3;0;10;0;0;12;0;0;0;0;11;2;0;9;0;0;14;0;14;18;8;0;13;0;0;0;0;0
0;18;0;0;19;0;0;5;0;0;4;0;14;10;13;15;12;16;0;0;10;0;2;0;0;2;0;0;5;10;17;17;0;0;0;12;0;0;1;14;0;0;6;16;0;12;17;17;0;0;10;0;2;0;9;0;0;17;3;0;6;12;1;0;0;18;3;0;0;0;0;8;7;0;5;0;0;13;13;0;10;0;0;12;11;0;0;5;1;0;0;3;0;0;6;16;0;0;15;13;0
13;18;0;0;10;14;0;0;0;0;0;0;0;0;0;0;0;7;0;0;7;0;11;0;0;0;16;0;6;0;17;11;7;9;1;1;12;12;0;0;10;0;0;4;12;0;4;16;0;8;0;0;0;7;0;8;0;0;0;0;0;6;0;0;6;0;0;0;0;19;0;14;13;15;0;2;0;0;1;0;0;8;0;15;0;12;11;16;0;11;2;0;5;11;0;1;18;0;0;0;12
0;12;0;1;0;8;17;0;11;5;11;0;16;0;0;0;4;0;0;7;11;0;0;0;0;18;0;0;4;0;8;11;0;9;6;9;12;0;0;10;0;3;7;18;17;4;0;0;9;9;19;2;0;11;17;19;7;19;15;5;16;4;2;9;0;0;0;0;3;5;16;11;0;0;4;0;17;0;0;11;5;6;15;14;12;0;2;4;13;2;6;12;10;0;14;0;10;16;17;0;0
0;6;4;0;7;0;0;13;6;9;4;16;0;0;13;1;17;0;0;1;12;0;0;0;0;0;0;11;0;9;14;0;0;0;0;1;0;9;19;5;0;0;0;0;17;16;0;0;19;16;0;4;0;0;11;6;17;4;0;0;0;15;0;10;0;0;11;0;1;0;8;8;0;0;12;6;0;0;1;4;0;10;0;12;1;5;10;0;0;0;0;0;4;16;0;6;18;0;9;0;0
0;0;7;15;11;11;0;0;0;9;10;0;6;0;0;3;9;4;17;2;0;13;0;11;6;0;14;0;0;0;0;0;0;4;0;0;0;2;0;12;4;19;1;4;0;0;9;19;0;5;0;2;0;18;0;0;4;0;0;5;14;0;11;0;18;0;5;8;9;2;15;0;8;0;0;0;0;11;7;11;0;0;0;0;1;13;0;0;0;19;0;0;10;7;3;3;0;0;4;0;12
0;0;0;2;0;0;15;8;6;0;1;13;0;8;6;3;7;0;0;11;10;2;18;0;0;0;0;8;12;12;0;14;1;0;5;18;0;0;0;0;9;10;0;0;0;8;9;16;5;0;13;0;0;1;5;0;14;7;0;0;0;11;3;14;0;0;0;0;3;6;0;1;15;0;2;0;19;12;17;9;13;9;0;3;1;11;0;0;17;1;0;15;15;0;17;3;10;0;7;0;7
0;17;0;0;9;11;15;12;10;10;12;9;12;0;0;0;3;0;0;18;12;0;0;18;0;7;3;0;10;8;0;0;0;16;8;0;0;0;4;0;13;6;0;0;10;0;19;0;0;13;0;0;2;0;0;19;15;0;0;0;6;17;0;8;8;0;5;6;5;0;0;0;0;0;0;0;2;7;0;0;4;0;12;0;0;14;19;19;8;0;5;8;4;0;4;1;0;19;0;6;0
19;4;0;18;0;0;14;2;7;6;0;0;18;0;1;18;0;0;12;7;18;13;3;16;0;6;0;0;6;0;14;0;16;0;6;2;0;0;0;5;0;19;11;17;0;0;2;4;2;0;0;0;19;18;15;13;9;0;19;1;19;19;0;7;2;0;0;19;0;0;0;7;0;0;8;0;0;1;14;4;9;0;9;0;17;14;11;0;0;10;17;0;0;0;0;11;0;2;0;0;0
6;18;2;10;8;2;10;0;0;0;0;9;0;18;0;2;2;14;0;0;0;0;13;0;0;0;10;0;0;0;10;0;0;0;15;0;19;14;0;6;0;15;0;8;2;0;0;0;0;0;2;19;0;0;0;2;0;1;0;10;19;0;0;0;0;0;0;0;4;13;0;3;6;3;16;0;2;0;3;6;0;0;17;0;19;0;15;11;0;9;7;11;5;17;0;0;10;19;12;8;7
0;9;3;0;0;0;15;0;13;0;8;0;0;0;0;1;0;13;0;0;8;18;0;18;0;0;14;0;0;6;0;0;0;7;0;0;7;16;0;0;0;12;9;11;0;7;11;0;18;1;0;18;0;0;0;0;5;4;0;14;0;0;0;6;0;0;0;18;2;0;12;12;0;5;0;5;8;14;14;0;9;10;0;3;17;11;6;0;0;0;13;16;0;0;8;8;15;0;9;0;0
3;0;8;6;19;0;4;12;0;2;19;0;18;0;4;0;3;13;0;8;0;0;16;4;0;7;10;2;0;0;0;0;5;14;12;0;13;4;10;7;0;2;0;7;9;0;17;11;0;5;0;15;0;0;0;0;0;0;19;0;0;0;0;0;0;1;3;0;8;0;0;18;11;0;0;0;7;0;0;3;10;0;0;18;16;15;19;0;0;0;6;0;4;2;0;0;0;15;0;0;4
0;10;9;7;3;0;18;12;0;19;0;19;0;0;0;8;11;0;8;0;16;0;0;0;10;8;0;5;0;5;16;0;0;9;0;3;16;2;0;1;15;0;0;11;0;8;19;6;0;0;19;13;2;0;0;0;6;0;0;0;0;11;18;2;0;6;0;0;0;0;0;0;3;0;16;13;18;18;0;19;0;0;0;9;1;0;0;12;19;0;11;18;14;0;0;5;0;19;0;12;0
0;0;7;0;0;0;1;0;13;0;10;0;0;7;3;0;0;0;12;0;0;0;0;0;9;0;0;0;0;0;0;0;3;3;5;0;6;0;0;0;16;1;0;0;0;0;7;17;4;14;15;9;0;5;0;6;0;5;0;0;5;0;19;0;0;17;0;0;4;7;1;1;12;0;0;7;7;0;12;6;0;11;0;2;5;3;8;0;6;0;0;0;1;0;14;5;19;15;4;2;0
0;7;0;0;13;5;1;16;8;0;0;0;2;0;0;5;12;4;0;0;5;9;0;14;0;0;0;4;2;8;7;0;0;0;0;13;0;3;5;15;7;0;0;3;17;0;19;4;0;7;0;0;1;4;0;0;5;0;0;0;0;4;0;14;0;0;0;10;0;0;14;1;0;12;6;19;0;0;0;0;0;11;0;0;0;0;0;0;0;0;3;16;0;0;0;0;14;8;19;11;0
1;5;19;14;0;0;0;8;16;0;15;2;18;11;12;0;12;0;0;0;16;0;0;0;0;4;0;0;0;0;6;4;0;11;0;17;18;0;0;17;0;3;19;0;3;0;15;0;0;0;0;19;0;0;19;0;0;0;0;19;5;0;0;10;17;3;7;6;12;0;2;1;2;18;0;0;0;0;0;0;0;10;1;0;11;0;0;1;0;0;0;0;0;1;0;0;2;2;18;2;9
12;7;11;0;1;0;0;12;0;0;0;5;0;16;11;7;0;0;17;4;0;15;0;0;0;16;3;0;13;0;0;0;0;3;0;0;9;0;0;0;0;14;0;10;0;0;5;0;5;0;0;1;10;14;0;0;0;0;19;0;0;0;18;1;17;0;0;0;0;0;0;8;0;17;3;5;0;5;16;10;0;0;5;0;0;0;0;0;11;0;4;0;19;0;0;17;14;14;11;0;13
0;19;13;3;9;0;6;0;5;7;12;14;7;0;0;17;0;0;12;8;6;0;0;14;0;11;0;3;0;8;14;0;4;0;0;0;0;0;0;7;0;6;0;0;6;0;16;0;14;0;6;19;19;0;0;0;5;0;5;0;0;0;7;1;2;17;15;0;12;5;10;0;12;14;0;0;2;0;0;13;3;9;0;0;12;2;6;13;12;6;11;0;11;0;10;4;17;0;0;5;3
2;0;7;19;0;12;0;16;0;18;9;4;0;0;0;0;2;0;0;0;0;0;0;8;2;7;0;14;0;14;6;0;15;0;2;4;5;0;0;0;0;0;17;17;12;6;4;15;0;11;17;19;0;0;0;11;0;4;0;0;0;0;0;0;19;0;11;0;0;0;0;0;0;0;18;3;0;0;9;0;18;0;18;0;0;2;0;0;0;0;0;0;14;4;0;7;7;0;3;17;0
0;0;0;10;12;0;0;0;0;0;0;0;13;8;0;16;7;18;0;0;0;0;0;0;0;7;0;15;0;12;11;18;0;0;18;0;14;5;0;0;0;0;0;0;1;0;2;0;11;3;0;0;0;0;0;18;19;0;0;18;7;0;0;4;8;0;6;0;0;19;0;5;18;10;10;14;18;19;16;0;0;10;10;13;12;0;0;0;0;0;18;0;8;0;0;15;0;0;0;12;13
0;0;15;12;0;0;3;0;18;3;1;4;0;15;0;0;10;0;9;0;10;19;12;13;18;15;0;0;0;0;0;0;0;0;0;0;4;13;0;0;9;0;9;0;0;0;9;10;0;14;8;7;0;6;0;2;0;14;10;1;1;0;4;0;0;0;6;0;4;0;0;0;0;8;7;0;17;12;0;9;0;0;14;7;17;15;0;10;0;0;0;10;14;19;18;0;14;0;0;7;9
0;10;0;4;16;1;0;9;0;0;0;0;0;17;12;19;17;10;0;5;0;4;12;4;0;15;8;0;0;17;13;0;0;8;15;0;16;9;17;3;18;4;13;0;0;6;0;0;18;0;8;2;0;0;0;0;0;0;17;17;2;19;8;0;0;4;0;7;0;11;0;0;15;0;0;0;0;2;0;8;9;3;14;7;0;19;12;0;11;10;0;6;0;0;4;0;17;0;0;12;0
8;0;0;16;12;0;0;14;3;0;8;16;0;0;0;0;3;0;0;18;15;0;7;0;6;1;12;2;16;6;11;15;8;13;0;0;0;0;0;1;5;19;13;0;18;0;0;0;0;0;0;0;0;0;1;6;17;0;3;0;17;0;0;0;4;0;0;19;12;4;3;6;0;11;7;0;0;0;17;18;0;0;0;5;0;0;18;0;12;3;12;7;0;13;0;0;12;5;18;0;0
6;0;0;16;9;10;18;8;0;7;0;9;7;4;11;1;4;4;4;0;0;0;0;10;0;6;0;0;15;0;2;0;7;17;0;6;3;0;11;0;0;0;8;0;3;0;0;11;5;0;5;0;0;0;3;0;0;0;7;0;15;11;6;6;0;0;0;5;0;0;8;0;0;0;0;11;11;0;2;14;11;4;12;0;0;0;5;18;0;19;17;0;0;0;0;0;0;0;0;0;10
2;1;19;0;0;0;0;3;16;17;5;0;0;15;8;5;17;0;0;0;15;0;9;18;6;18;0;9;6;6;0;19;3;8;0;0;8;0;0;0;19;0;0;0;0;0;0;0;8;0;6;19;0;18;0;0;0;10;6;0;0;0;0;0;7;19;5;0;6;0;0;1;0;0;15;0;5;2;0;0;5;6;15;11;8;0;17;0;1;1;8;0;8;0;12;0;17;14;0;0;0
0;16;0;1;0;3;18;0;5;0;5;0;0;0;0;0;0;0;19;19;13;0;0;4;3;0;15;13;18;0;13;0;14;7;11;0;18;1;0;9;10;0;10;18;0;0;3;1;9;3;5;0;4;2;8;0;4;0;12;0;12;0;0;4;0;12;0;6;0;0;0;0;10;11;0;3;2;7;16;0;0;15;7;0;12;0;7;0;12;0;18;0;0;0;0;11;2;13;0;8;0
0;2;17;0;0;14;10;0;0;5;7;0;0;0;0;6;7;0;0;14;7;0;0;3;0;0;0;13;0;8;0;0;16;14;0;0;11;13;0;12;0;0;5;0;0;19;5;0;2;6;0;0;13;0;0;0;7;0;0;0;5;0;19;0;11;4;0;0;0;0;9;2;19;12;0;3;0;0;0;7;0;11;0;7;1;0;1;14;11;4;4;0;10;0;0;0;0;11;0;0;0
0;2;0;0;0;4;0;14;8;2;0;0;3;14;0;0;0;0;0;9;18;13;0;0;11;0;7;0;10;6;5;6;12;0;5;4;8;0;0;15;0;6;0;0;0;0;16;8;15;0;0;0;0;12;0;0;1;14;2;0;10;0;0;0;0;3;8;0;0;9;0;0;11;2;0;18;0;0;16;13;15;7;1;4;0;6;13;10;11;7;12;0;17;5;0;14;15;11;0;13;6
0;6;0;9;5;18;1;0;6;0;0;8;9;16;9;0;0;0;0;3;12;19;7;4;0;0;2;0;10;4;14;11;15;10;14;5;0;0;7;6;4;19;0;0;8;14;11;8;0;1;0;7;3;12;18;0;1;1;1;8;0;0;5;0;0;6;0;1;0;2;0;0;4;4;0;0;6;0;0;8;7;0;5;0;0;6;6;0;12;0;13;0;19;0;10;17;0;0;0;8;0
0;8;2;18;0;19;0;0;6;19;0;0;2;0;10;0;11;0;0;0;0;0;1;11;17;0;0;0;19;1;0;5;0;0;5;0;17;0;4;10;17;1;0;17;7;13;0;0;8;15;0;0;6;0;11;3;12;0;2;0;12;0;18;0;15;0;0;0;10;19;11;4;0;0;3;0;18;0;4;11;16;15;13;7;11;0;18;13;0;10;11;0;2;0;0;0;0;18;16;0;11
0;0;0;0;17;0;9;5;16;0;0;0;0;0;0;0;0;0;0;0;0;0;15;5;7;6;0;7;1;0;1;15;0;18;18;1;16;0;2;0;0;10;0;3;0;15;0;0;0;0;0;0;3;5;0;0;0;12;18;17;14;0;10;8;0;11;0;0;11;12;2;4;0;0;0;4;15;0;8;16;11;6;0;1;8;0;10;0;0;0;7;10;0;0;7;5;19;10;0;3;0
0;0;3;15;0;9;18;0;11;10;0;0;1;0;9;0;0;5;1;0;0;0;0;5;0;0;9;11;0;10;3;0;16;0;8;0;2;0;0;0;16;0;0;0;5;0;4;12;0;2;0;8;16;0;0;16;0;6;0;3;0;18;10;7;0;7;0;15;0;0;0;0;3;0;0;0;3;13;0;0;6;9;4;0;0;0;15;0;4;4;18;13;0;0;0;12;16;14;0;10;0
0;19;0;0;6;4;0;6;0;0;4;13;0;13;17;2;0;17;0;0;0;18;10;6;0;0;6;9;0;0;15;18;0;17;10;0;4;10;6;1;0;9;0;10;0;2;0;6;0;0;0;0;0;5;0;13;7;19;0;5;0;3;14;0;0;0;11;0;3;3;18;0;0;4;0;0;0;14;19;4;0;0;8;0;9;4;3;0;5;5;0;0;0;8;0;8;0;0;19;3;18
0;0;0;3;0;0;0;0;8;13;0;0;18;12;9;0;0;0;0;8;0;12;4;1;12;10;0;0;14;13;0;4;0;0;9;0;0;15;9;0;19;8;0;0;0;0;17;0;0;19;2;0;2;8;7;18;7;0;0;0;2;0;18;17;0;0;11;5;2;0;0;6;18;15;3;0;0;16;12;3;0;0;18;0;11;13;0;0;0;18;0;1;1;0;9;0;14;0;1;0;0
8;0;0;0;7;0;0;2;0;0;0;0;10;4;0;0;17;0;0;7;4;0;13;0;0;18;0;9;6;2;17;7;0;8;11;0;17;18;0;15;0;0;12;0;13;0;0;0;11;12;7;1;0;14;0;18;0;0;0;5;0;0;19;12;2;0;0;2;7;0;0;0;0;0;13;14;16;0;0;0;0;17;7;0;0;0;7;10;0;0;6;0;1;3;0;0;0;0;0;18;13
0;10;18;0;3;1;0;0;1;0;0;2;0;0;0;0;3;16;0;0;0;0;0;0;13;0;0;0;5;0;0;0;0;11;19;5;5;0;10;0;0;0;19;12;13;1;0;1;7;17;0;14;3;14;0;0;12;0;0;16;0;9;16;0;0;17;2;0;16;0;16;0;4;8;0;19;12;0;0;15;19;14;0;0;2;0;12;16;0;14;4;5;1;0;0;7;0;0;0;3;10
10;0;0;16;0;0;0;0;0;0;17;2;18;0;11;18;10;2;0;10;0;11;1;0;0;0;0;0;19;8;4;3;0;0;0;12;12;13;18;0;0;0;0;0;0;0;11;4;11;9;0;4;6;0;3;19;6;0;0;10;13;0;0;9;8;18;14;0;0;7;13;8;11;16;0;4;3;0;15;0;0;0;11;0;4;11;6;10;0;4;4;15;0;3;7;3;11;8;13;0;12
16;12;10;17;0;0;9;0;0;0;6;0;0;0;0;5;0;0;0;0;0;18;14;0;0;2;11;9;0;0;7;10;0;12;17;15;0;11;0;8;15;1;0;0;10;0;5;0;0;13;4;9;0;9;10;0;0;0;0;0;3;18;0;0;9;0;11;5;0;0;15;7;16;11;6;0;0;0;19;0;0;11;12;0;0;9;2;0;0;8;0;0;0;4;0;9;0;0;15;17;0
16;0;0;17;18;0;0;17;12;11;6;0;0;16;11;14;11;0;16;0;16;0;8;9;6;11;7;0;0;1;0;11;5;0;0;0;0;18;0;0;0;5;0;0;0;8;6;10;0;9;0;0;0;10;0;0;11;11;10;0;9;0;10;0;3;0;4;6;15;11;7;0;15;6;9;0;0;17;14;0;11;0;0;0;0;18;0;13;19;12;0;19;13;0;14;7;0;0;8;0;3
0;8;19;0;0;0;15;8;0;0;12;0;15;7;0;5;6;16;0;15;19;15;0;1;14;0;17;0;8;0;17;10;0;12;17;0;3;3;16;0;0;0;8;0;0;0;15;0;0;0;12;9;17;0;0;0;0;0;1;5;0;18;10;14;14;0;12;15;7;0;1;5;13;0;4;8;18;7;0;11;12;0;0;0;1;14;15;19;6;0;0;14;0;0;0;19;1;0;0;0;16
11;3;3;0;17;16;0;0;0;0;19;11;0;0;0;0;0;0;4;0;0;15;0;0;9;13;19;17;0;0;18;15;0;0;3;3;1;0;0;12;18;6;0;11;12;15;14;12;0;3;0;0;0;3;18;9;2;0;0;0;0;0;13;7;7;5;0;11;0;7;4;0;7;1;0;0;0;0;0;0;0;0;0;0;3;4;0;0;0;0;7;13;4;5;12;14;9;0;0;1;8
0;0;0;0;19;13;13;0;0;0;2;2;0;3;18;0;0;19;0;10;0;6;19;5;0;0;19;6;6;0;7;4;0;0;0;18;0;0;19;0;9;10;15;2;11;0;12;1;1;1;0;17;19;17;16;1;5;0;11;0;12;0;12;17;0;0;0;8;12;1;0;0;11;8;0;9;11;0;2;4;0;0;1;3;0;0;13;0;0;2;0;6;0;0;0;0;15;10;6;3;12
11;0;19;0;0;0;14;9;5;17;18;0;0;10;0;8;0;0;0;0;0;1;0;8;0;0;14;16;0;0;0;0;19;12;0;6;10;0;0;0;0;11;0;0;0;12;0;5;13;11;14;14;0;11;15;0;3;0;0;0;2;2;0;15;19;0;0;0;0;0;6;6;0;0;0;4;13;0;0;11;9;18;14;4;0;0;0;17;12;0;9;0;0;1;9;16;0;0;14;0;0
17;0;0;9;0;14;0;0;1;3;19;6;0;2;7;0;0;17;0;5;4;12;0;0;0;7;3;6;9;14;0;6;0;3;3;0;0;0;10;0;0;11;0;9;0;11;2;10;0;0;19;11;15;6;19;0;8;0;0;0;6;0;0;0;12;18;5;17;7;1;13;6;18;10;15;3;0;7;12;6;2;0;15;0;13;0;0;11;0;12;14;18;19;1;4;0;0;0;10;0;0
7;0;2;0;0;19;0;0;14;18;0;14;0;6;0;0;13;10;11;0;3;13;0;2;4;0;0;11;0;0;0;2;0;0;0;15;15;17;0;9;16;0;15;0;5;16;4;0;0;0;19;0;11;0;0;12;0;0;1;0;13;0;0;10;0;0;18;0;0;14;10;0;13;0;0;0;0;10;16;10;0;13;19;0;0;17;11;0;0;0;18;0;0;0;0;5;6;12;0;0;14
0;0;9;0;1;0;0;0;18;3;9;11;0;14;0;0;0;0;0;0;18;6;16;12;0;6;0;1;0;8;5;0;9;5;0;0;0;19;17;18;0;19;7;0;1;0;13;0;0;17;8;0;0;0;0;19;6;0;0;11;12;0;0;0;11;12;0;1;12;11;11;12;0;0;4;5;0;0;0;0;0;19;6;0;0;12;0;0;0;14;16;0;0;0;0;9;6;14;0;0;17
0;3;0;11;0;0;17;9;0;3;0;2;18;0;0;0;17;0;9;0;0;5;0;3;15;0;17;0;0;0;0;0;1;0;0;15;0;15;8;0;0;0;0;14;0;11;2;0;19;1;0;10;9;0;0;0;0;0;0;0;6;0;0;0;10;3;19;1;0;4;7;0;10;0;4;5;18;0;14;4;8;12;0;0;2;0;12;0;14;0;0;16;5;18;3;0;0;8;7;17;0
0;18;0;0;0;7;0;11;13;9;0;0;7;0;0;0;0;0;4;18;0;1;0;0;5;17;0;7;0;0;0;0;1;16;0;10;14;0;10;16;0;10;10;0;0;2;6;0;0;0;5;17;7;13;6;11;0;3;0;4;11;0;18;0;0;12;17;8;18;4;12;13;11;7;18;0;0;6;4;4;0;0;0;7;0;9;14;18;16;0;0;0;3;11;4;6;0;0;5;6;0
0;11;7;2;3;2;3;0;18;0;13;0;1;0;11;0;0;9;15;2;11;11;15;0;0;8;3;0;0;3;16;0;0;7;2;0;15;0;0;13;0;0;0;14;3;0;12;0;0;15;8;0;11;16;0;18;0;16;0;0;0;0;0;10;6;7;0;0;0;0;0;0;0;10;13;0;1;0;5;15;0;19;14;13;6;0;18;0;0;16;0;0;0;0;0;0;15;8;0;8;17
0;0;13;4;0;0;0;8;19;13;0;9;17;0;0;0;0;0;1;0;0;0;14;2;0;0;0;4;0;8;0;18;0;7;0;3;0;10;0;0;10;6;0;18;0;5;10;4;10;15;4;0;5;0;4;14;1;0;0;19;11;14;8;14;0;0;0;8;0;10;17;19;2;0;0;0;1;1;1;0;0;13;0;4;0;0;19;0;0;5;3;0;0;0;2;0;0;11;11;11;0
5;0;4;0;0;11;2;13;0;9;0;6;0;0;0;18;0;16;16;16;7;13;0;0;6;1;0;15;16;2;12;11;10;0;14;8;0;7;16;0;11;14;0;8;0;11;0;16;7;0;0;0;17;0;2;0;0;0;1;0;0;4;0;19;0;13;0;0;0;0;5;0;0;0;0;8;0;3;0;3;4;0;0;5;0;1;1;0;0;18;11;0;0;0;8;0;0;0;0;0;16
0;1;5;0;0;0;7;4;5;13;0;14;0;0;6;4;0;4;7;2;0;8;8;0;7;0;0;0;17;0;6;17;14;0;0;11;0;11;3;6;0;0;8;0;6;0;14;0;3;17;4;0;0;8;0;0;14;0;0;0;10;0;0;18;4;0;0;12;0;0;0;10;0;7;0;0;9;0;0;7;0;14;0;12;0;9;4;0;0;3;4;0;2;8;0;4;12;0;3;0;0
3;2;17;0;0;0;9;11;7;0;0;0;0;0;0;16;0;0;0;1;7;10;18;0;13;0;19;0;0;0;18;6;0;0;14;11;0;0;0;11;0;12;0;13;16;1;0;6;3;3;1;11;0;8;0;5;5;0;0;17;4;7;15;0;0;0;0;0;11;0;14;17;0;5;12;8;0;0;7;3;9;7;19;14;0;16;0;5;9;0;6;0;0;0;4;0;0;16;11;0;7
0;8;10;13;19;10;3;10;3;0;0;9;0;17;16;2;0;15;16;0;12;16;0;14;12;3;12;19;17;0;0;2;10;7;4;0;15;16;0;0;10;0;7;0;0;18;10;18;0;10;0;0;10;15;0;0;19;14;2;14;17;7;0;14;17;12;0;17;2;0;15;0;0;19;16;0;14;0;0;11;0;0;1;9;15;0;0;6;6;0;0;15;0;0;12;0;0;0;0;0;13
0;0;11;6;7;0;0;5;0;16;2;0;0;0;8;0;0;17;0;0;6;0;16;3;1;0;0;0;17;0;3;11;0;19;0;11;11;6;0;9;0;10;8;0;0;0;16;0;0;0;19;2;19;0;15;19;15;8;2;14;0;0;0;0;0;5;0;14;13;11;11;0;18;10;14;0;0;0;0;8;0;0;0;0;10;0;0;12;14;8;0;8;11;0;0;16;0;0;0;0;0
0;0;4;0;0;19;0;0;13;9;13;10;2;14;0;0;19;0;0;5;16;0;9;2;9;1;0;0;11;18;13;0;0;0;15;19;0;0;0;9;0;0;0;0;15;0;17;9;4;7;0;0;12;9;0;0;4;19;18;11;0;3;0;0;0;18;0;0;0;0;0;0;16;0;0;19;1;0;0;13;15;8;0;0;6;14;10;0;0;7;5;0;11;0;3;11;0;0;0;0;2
2;14;3;2;0;17;2;16;0;6;0;0;0;8;0;9;0;0;6;0;13;16;14;0;1;10;13;7;0;0;0;2;19;14;2;12;0;0;9;13;5;18;0;0;13;0;0;0;0;0;6;0;8;0;0;12;2;11;2;0;5;17;12;7;12;0;0;0;8;0;13;8;0;3;10;3;0;18;3;0;17;0;0;1;3;0;0;0;0;17;6;8;11;0;0;0;0;0;0;0;1
0;0;0;0;2;0;11;0;13;12;2;0;0;0;8;0;0;6;19;14;15;0;0;0;3;12;9;0;0;11;0;19;15;15;0;0;0;11;9;4;0;10;7;0;0;12;0;0;12;7;0;0;7;0;4;0;0;0;9;13;3;0;13;9;0;0;10;0;0;0;6;0;11;0;0;18;0;13;10;12;0;3;16;8;12;0;0;14;17;0;0;17;0;16;0;7;13;0;2;1;0
