201
0;0;0;1;15;0;0;17;8;0;0;0;0;0;0;0;18;3;0;0;15;0;3;0;0;0;4;13;2;0;0;0;18;19;5;12;0;0;18;4;7;0;0;0;4;0;18;0;5;5;13;0;1;2;0;0;5;0;0;13;0;12;0;0;16;16;0;0;0;0;9;0;0;0;0;0;2;19;0;13;0;17;0;0;12;0;10;3;0;0;0;0;6;0;0;0;0;11;0;0;4;5;19;0;14;0;0;16;0;0;0;0;12;0;4;16;0;0;0;8;2;0;0;0;0;0;9;0;0;6;0;0;0;0;0;0;4;0;0;10;14;17;16;0;0;0;0;12;8;0;0;0;17;0;19;14;16;0;0;0;15;0;0;0;0;0;15;0;0;0;0;0;0;0;0;1;0;16;0;14;0;0;0;0;0;10;0;18;0;0;12;19;0;0;16;0;15;0;0;0;10
0;0;13;0;0;0;0;0;0;0;0;0;0;0;2;0;0;0;0;0;0;0;0;0;14;0;0;0;0;9;0;0;0;0;6;4;7;0;0;0;0;0;1;0;0;0;4;2;0;9;0;0;16;5;0;18;0;0;16;0;0;11;0;0;17;6;3;9;18;0;9;5;7;8;19;0;11;5;13;0;9;0;0;0;0;12;11;0;4;1;0;0;0;0;13;0;14;0;12;6;0;0;0;14;0;10;0;17;0;6;0;17;0;13;5;0;19;0;0;15;0;10;13;0;0;0;11;0;7;0;0;0;14;0;15;12;0;0;0;0;0;0;12;0;9;18;0;0;0;0;0;0;15;1;0;0;0;0;0;12;0;0;0;0;0;0;0;0;0;0;13;0;0;0;0;0;2;0;0;7;8;10;0;0;0;8;0;0;0;0;0;0;0;0;0;0;0;2;0;18;0
0;13;0;15;0;0;14;17;3;0;0;6;0;0;0;17;13;8;15;3;0;12;4;13;0;9;0;5;0;0;0;0;5;3;16;11;0;15;0;17;7;0;0;8;0;19;1;9;0;0;0;0;0;0;0;0;0;0;0;0;0;16;0;0;0;0;6;0;0;0;15;0;0;10;0;1;0;0;0;1;0;3;0;0;12;19;0;6;0;0;0;5;5;0;9;14;1;18;0;16;7;18;0;16;10;0;19;6;0;18;0;16;0;0;0;17;4;0;0;0;0;2;0;0;0;5;10;0;0;0;6;0;0;18;6;19;1;0;0;0;0;0;0;1;15;16;0;0;19;10;0;13;16;0;0;0;0;0;0;0;18;0;0;10;0;0;10;0;5;0;0;0;15;0;0;0;0;0;0;0;18;6;17;0;0;10;0;16;0;0;0;0;12;0;16;3;0;0;15;0;14
1;0;15;0;16;0;0;0;2;0;0;0;0;7;0;0;0;9;0;0;0;1;0;14;0;0;0;0;0;0;0;0;0;8;0;19;0;13;0;10;14;6;0;0;16;1;0;0;0;0;0;18;0;3;0;0;17;6;12;0;0;16;0;5;10;3;11;0;16;0;0;10;0;15;8;0;6;0;0;16;1;0;0;0;0;0;0;16;0;10;10;0;18;5;12;0;0;2;0;0;0;0;7;0;15;0;17;0;0;6;3;0;9;1;9;0;0;17;0;16;8;0;0;1;0;9;0;2;16;0;16;0;5;5;0;0;0;12;0;9;18;0;12;0;11;14;0;18;2;0;1;2;0;6;0;0;0;0;17;12;0;2;0;5;14;0;0;7;0;0;11;0;0;18;0;0;0;14;0;16;3;0;0;9;0;12;17;0;0;5;19;0;10;2;0;10;12;11;0;0;0
15;0;0;16;0;18;9;0;13;17;0;6;0;2;0;0;0;9;0;10;0;0;0;0;0;2;0;10;0;6;14;11;4;0;0;12;19;0;0;0;0;0;0;0;17;0;0;13;0;15;18;17;0;0;1;0;0;9;0;0;4;18;0;15;0;2;0;0;10;0;6;0;0;0;16;12;12;0;16;0;0;10;19;0;0;0;12;0;2;13;0;0;0;0;17;12;4;9;0;0;12;0;0;0;4;0;0;0;0;0;0;0;10;0;5;6;0;0;0;19;0;0;0;0;0;0;0;0;0;0;0;0;14;18;13;19;0;2;0;18;0;0;0;0;16;0;0;10;18;0;6;8;2;0;4;0;6;6;0;0;0;10;11;0;0;0;0;0;17;2;0;0;19;0;0;0;0;0;12;0;16;0;0;0;0;9;4;0;18;1;0;3;0;14;12;15;13;0;0;0;0
0;0;0;0;18;0;5;19;0;0;0;4;10;6;18;17;0;0;7;0;0;0;8;5;0;0;0;0;0;0;0;0;6;0;3;9;2;16;16;0;2;17;0;0;0;0;0;0;0;3;12;0;9;0;12;15;15;13;0;13;0;11;0;0;5;0;0;0;0;0;0;0;0;0;10;0;0;0;8;0;0;11;0;0;5;0;0;13;0;11;0;0;0;0;0;0;5;0;13;0;0;0;0;0;0;0;5;0;18;1;5;16;0;3;1;16;15;0;0;0;0;0;5;12;18;0;0;0;0;0;0;0;0;9;12;0;0;0;0;3;0;15;0;8;0;0;0;8;11;0;0;0;0;0;2;2;16;0;0;0;0;0;17;0;16;0;17;0;0;0;0;0;5;0;15;14;6;4;0;4;0;0;2;0;11;0;0;0;0;6;0;0;0;4;15;0;0;18;0;0;0
0;0;14;0;9;5;0;3;12;0;0;0;0;8;13;12;0;2;0;15;0;17;8;0;0;0;5;0;0;0;0;0;3;0;14;13;0;15;0;9;10;0;0;0;7;0;14;18;3;0;0;0;0;17;13;0;5;14;0;0;0;0;0;8;13;0;0;16;0;9;2;19;8;0;6;0;0;0;0;0;4;15;16;0;0;14;0;0;0;0;0;3;0;0;0;0;0;0;13;7;0;0;0;0;0;0;15;14;0;0;0;0;12;0;0;0;18;0;0;1;15;0;11;15;8;0;9;0;0;5;0;0;0;1;14;0;0;0;0;9;0;0;0;9;0;0;0;5;2;0;0;18;0;0;0;0;9;0;0;0;0;0;0;6;0;0;12;0;0;0;0;5;13;15;0;0;0;0;2;0;17;0;0;8;3;12;9;3;0;8;0;6;0;0;0;2;0;0;0;5;5
17;0;17;0;0;19;3;0;0;0;3;14;19;0;9;2;7;5;0;8;0;0;0;3;17;9;0;14;0;0;0;12;9;2;10;0;16;0;3;1;7;0;9;0;6;3;2;4;0;17;6;0;1;0;3;0;0;0;0;0;7;12;7;0;17;0;6;0;0;0;0;1;18;5;0;0;0;13;0;0;0;2;0;0;0;0;0;10;15;16;0;0;2;0;3;0;0;0;0;0;10;0;15;14;12;0;0;0;8;0;0;0;1;15;0;0;0;0;0;0;6;0;0;17;0;0;8;19;0;3;2;0;0;0;0;16;9;0;0;0;13;0;0;0;0;18;0;0;0;13;4;0;1;15;0;0;2;6;0;3;10;15;0;16;0;12;15;3;0;5;0;0;0;1;0;0;15;3;0;17;0;17;0;4;0;7;15;7;0;0;19;0;0;0;0;0;3;16;0;18;0
8;0;3;2;13;0;12;0;0;10;0;0;16;0;0;14;0;13;0;14;0;0;9;0;0;0;16;0;0;0;18;0;0;0;11;11;0;0;0;0;5;3;10;14;0;3;17;0;1;5;0;16;0;0;0;15;0;0;0;0;2;0;3;16;0;0;8;0;3;0;17;0;0;0;0;0;0;0;1;0;0;10;0;2;15;12;2;4;0;12;0;0;10;5;0;0;4;0;18;0;0;17;17;0;10;14;2;0;0;0;19;0;0;10;0;2;0;11;0;13;6;2;2;0;0;0;4;18;0;0;0;16;15;0;0;0;1;2;7;19;0;0;0;16;0;17;0;4;0;0;18;14;0;11;5;0;15;17;0;14;0;16;2;0;0;0;9;0;0;0;19;0;14;3;0;7;0;0;0;5;18;0;11;16;0;0;0;0;0;0;0;0;17;0;12;0;14;0;0;15;2
0;0;0;0;17;0;0;0;10;0;0;11;0;5;0;0;0;15;0;4;7;17;13;0;15;0;0;0;0;0;12;6;0;16;0;0;0;0;2;3;5;0;1;12;0;0;0;0;6;0;0;0;9;13;0;13;0;8;0;0;0;2;0;0;4;16;18;0;0;0;0;10;0;0;19;17;0;18;19;0;0;5;0;0;0;0;0;1;14;0;6;0;0;13;14;0;3;5;0;0;14;0;0;0;10;13;7;10;0;0;0;0;0;0;14;0;0;11;3;0;0;0;15;0;0;2;15;0;16;0;2;0;0;15;0;0;0;19;0;2;19;0;0;0;0;4;0;15;11;6;0;0;0;3;0;0;3;0;0;0;0;4;0;0;0;13;8;11;0;0;0;3;9;15;12;10;8;0;0;0;0;0;0;4;12;1;13;0;13;17;0;0;0;0;0;0;5;0;9;19;19
0;0;0;0;0;0;0;3;0;0;0;8;0;0;17;0;12;5;17;0;0;0;0;11;0;9;0;15;0;0;0;3;0;0;0;18;17;14;11;0;7;0;0;0;0;1;10;0;0;4;5;0;0;0;5;12;0;1;0;1;0;19;0;18;19;0;11;0;0;4;16;0;5;15;0;16;0;0;13;0;0;0;0;0;0;0;2;0;3;0;4;0;0;0;0;0;0;4;0;0;0;11;0;14;0;0;0;17;0;0;0;0;1;0;1;0;0;2;0;9;14;2;10;0;10;0;9;0;0;4;0;0;18;0;0;5;0;16;0;0;0;0;0;0;0;0;16;0;0;0;0;0;0;6;0;12;0;0;0;0;0;0;0;0;0;14;13;0;11;0;7;15;0;7;17;0;0;0;1;0;0;0;0;4;0;0;0;0;12;0;3;0;0;11;0;1;19;9;16;18;0
0;0;6;0;6;4;0;14;0;11;8;0;19;0;0;0;0;0;4;0;4;19;0;1;7;11;0;0;0;11;0;14;0;15;16;0;0;0;3;0;3;0;0;0;4;0;8;0;0;2;18;0;10;0;0;1;0;0;16;17;15;16;0;0;14;0;0;0;4;0;0;0;14;9;18;12;0;11;0;17;7;11;0;5;0;16;19;0;15;19;0;0;12;1;7;0;0;4;12;0;0;0;0;0;0;0;17;10;0;0;0;10;0;0;8;8;0;3;0;0;2;2;0;0;0;0;17;15;0;0;11;4;0;17;0;9;0;0;18;15;0;0;19;0;16;0;0;4;0;0;3;16;0;10;0;1;10;14;0;19;0;1;5;3;15;0;0;0;13;19;0;0;0;0;12;0;0;0;1;12;14;0;0;0;0;0;0;0;0;0;19;5;0;0;0;0;3;0;5;0;3
0;0;0;0;0;10;0;19;16;0;0;19;0;17;0;10;19;7;6;0;0;14;0;1;0;9;5;0;9;1;3;0;0;0;0;0;6;19;8;0;0;18;0;3;10;0;0;0;5;0;0;3;0;3;0;0;0;0;0;11;17;14;0;3;0;12;14;6;0;0;0;18;4;0;0;0;0;0;13;0;0;17;0;4;0;0;0;0;0;5;0;0;7;6;0;0;0;11;12;0;2;18;0;6;0;0;0;8;0;0;3;18;10;0;0;0;7;0;0;0;3;0;9;15;0;0;0;0;0;0;7;0;0;0;0;0;7;0;14;0;0;4;0;0;0;0;0;0;0;11;0;1;0;0;13;2;15;18;1;0;0;14;0;0;0;1;0;0;12;2;6;0;0;3;0;2;5;0;0;0;0;0;0;0;0;6;6;13;3;0;0;0;0;0;0;0;0;0;0;12;0
0;0;0;7;2;6;8;0;0;5;0;0;17;0;0;9;2;2;6;17;15;0;0;0;0;0;0;0;0;19;4;18;14;4;0;16;0;6;4;5;0;13;13;0;16;15;3;13;0;17;8;13;3;0;0;5;15;3;0;0;8;0;0;0;0;0;17;6;0;12;0;18;16;16;0;0;0;3;0;7;0;0;0;0;19;0;5;14;0;0;0;14;0;10;12;7;12;4;15;0;10;0;0;0;9;0;0;4;18;0;13;0;0;0;0;13;0;0;0;0;0;0;0;2;0;0;0;0;0;4;0;12;0;0;13;0;2;12;12;0;11;16;8;0;15;0;11;2;2;0;0;0;4;0;0;0;0;0;0;0;10;6;0;0;0;2;10;11;0;0;13;0;0;13;2;15;0;5;0;0;0;7;0;0;0;6;1;0;18;0;0;0;0;5;11;19;0;0;1;3;0
0;2;0;0;0;18;13;9;0;0;17;0;0;0;0;5;9;1;0;0;0;0;7;0;0;0;17;0;16;0;0;0;0;0;14;0;0;1;0;0;0;13;0;0;0;6;0;0;0;0;0;0;0;0;0;18;10;19;0;0;0;4;0;2;0;16;0;6;16;0;13;0;0;4;1;0;0;0;17;14;0;0;13;0;10;7;6;1;12;5;0;0;11;8;0;0;0;0;0;0;5;0;1;12;10;8;0;16;0;7;1;0;0;0;0;11;0;10;6;0;0;0;0;0;11;10;0;0;0;2;0;0;0;0;8;4;0;8;18;0;0;14;0;1;0;0;0;11;7;0;9;0;3;0;0;0;0;0;2;0;0;16;0;0;12;0;0;0;18;0;0;5;0;0;0;8;16;7;19;3;16;19;11;0;0;13;0;5;2;19;3;0;6;7;4;0;0;14;2;14;0
0;0;17;0;0;17;12;2;14;0;0;0;10;9;5;0;0;0;0;0;2;0;2;0;8;0;0;0;0;4;0;0;0;8;0;14;0;0;0;7;0;18;10;6;3;0;14;1;0;9;12;1;9;0;6;8;11;0;0;8;13;0;11;9;0;0;3;2;0;0;0;0;0;10;0;1;0;3;0;15;0;2;0;0;0;0;3;0;15;0;0;0;16;0;5;14;0;9;0;0;0;0;0;2;0;0;0;11;17;0;0;8;19;10;0;1;0;0;1;0;7;0;0;15;13;8;7;10;0;0;16;1;0;16;16;0;4;13;0;3;0;0;0;0;0;19;5;19;0;0;16;1;0;11;5;0;0;0;0;0;0;0;6;0;18;7;0;5;0;0;0;0;0;0;10;17;13;18;0;0;0;0;13;0;0;0;0;18;0;0;0;0;7;0;0;0;11;0;0;0;7
18;0;13;0;0;0;0;7;0;0;12;0;19;2;9;0;0;0;2;19;0;0;12;0;0;0;8;0;0;16;0;0;0;0;0;0;0;18;0;0;0;0;12;2;0;5;10;0;0;0;14;8;9;0;0;0;18;1;0;0;0;19;0;6;5;0;8;6;12;0;0;0;13;14;0;0;0;0;0;15;2;8;5;0;0;0;3;0;0;0;0;1;15;0;0;0;19;0;0;0;0;0;0;14;0;0;3;2;18;2;0;0;0;10;0;0;4;14;0;2;0;0;4;0;1;0;0;0;9;12;0;0;0;0;0;0;0;0;1;18;13;7;0;0;0;10;0;0;0;18;0;19;0;15;17;6;0;0;0;0;9;0;0;15;18;0;3;0;0;7;0;0;6;0;14;0;17;2;2;0;0;0;0;0;0;0;0;5;7;0;16;0;0;0;0;0;10;18;0;0;0
3;0;8;9;9;0;2;5;13;15;5;0;7;2;1;0;0;0;16;0;0;0;0;2;11;0;5;0;8;0;0;0;0;0;5;0;0;14;0;7;7;19;0;17;2;0;13;0;13;0;0;0;0;17;0;0;18;0;19;0;12;18;0;0;0;1;0;0;0;18;10;12;0;4;0;7;0;0;0;1;15;0;0;13;4;0;19;0;0;0;0;18;8;11;3;0;0;0;0;0;19;0;0;0;18;9;0;6;0;10;16;0;7;17;4;0;0;8;4;0;0;0;15;18;0;17;0;0;0;0;0;0;11;0;17;0;0;13;16;0;2;10;0;15;0;0;0;6;11;0;0;0;0;0;0;0;0;18;0;15;7;0;0;0;0;12;15;8;6;5;0;0;0;0;0;10;1;4;0;0;4;0;0;0;0;11;18;19;5;0;13;17;0;0;0;0;7;0;0;0;0
0;0;15;0;0;7;0;0;0;0;17;4;6;6;0;0;2;16;0;0;0;0;0;0;0;0;17;0;0;8;0;0;0;0;0;0;0;0;0;0;0;0;6;0;0;7;0;1;17;1;10;5;4;0;13;0;0;0;0;5;14;4;0;0;0;16;10;0;0;11;13;0;13;0;0;2;2;0;0;0;10;0;0;0;0;0;0;18;0;4;18;3;0;0;8;0;0;0;0;0;0;0;4;4;8;0;0;4;0;0;1;0;18;0;13;7;0;0;0;0;0;8;17;0;0;0;4;0;2;0;11;0;0;3;0;8;18;0;0;0;0;8;15;0;1;0;10;0;0;13;16;13;0;14;12;15;0;11;0;11;0;18;0;0;0;19;4;0;0;0;0;2;0;6;0;8;7;0;0;8;0;0;9;17;0;0;3;8;18;10;5;8;4;0;4;1;10;0;18;0;9
0;0;3;0;10;0;15;8;14;4;0;0;0;17;0;0;19;0;0;0;0;0;0;0;3;0;10;0;15;0;0;3;2;0;0;0;4;7;0;0;0;12;0;0;13;0;10;0;0;8;0;0;11;0;19;0;0;8;19;0;15;13;9;0;3;0;0;19;13;0;0;6;1;0;5;1;14;0;10;2;5;13;0;3;1;0;8;0;0;16;19;0;19;0;0;0;0;0;14;0;0;0;0;10;4;6;1;0;0;0;0;0;14;8;7;0;0;18;0;0;0;16;0;0;0;13;0;0;5;9;0;8;10;0;0;14;0;0;0;0;0;0;0;7;0;6;2;0;0;0;0;14;19;13;8;0;0;0;7;11;6;17;19;0;0;0;18;0;12;13;0;0;15;12;0;1;0;0;18;0;0;0;0;11;0;0;0;5;2;9;2;17;16;0;0;0;0;0;0;0;13
15;0;0;0;0;0;0;0;0;7;0;4;0;15;0;2;0;0;0;0;0;0;0;3;0;9;0;0;0;7;0;15;0;12;3;11;9;0;5;3;0;5;0;0;8;0;0;0;0;0;12;0;18;0;0;19;12;5;8;0;15;0;0;0;0;0;14;3;0;3;7;5;7;0;7;0;0;0;0;0;0;0;8;0;0;0;5;0;0;2;0;0;0;0;0;0;18;0;0;0;18;0;0;7;10;5;0;0;0;0;0;17;6;0;12;19;17;0;0;0;0;0;12;12;14;0;0;18;0;0;0;0;9;13;14;0;0;0;0;2;9;0;0;0;0;5;0;0;0;0;0;0;0;0;13;14;0;0;0;0;0;7;5;0;0;5;0;0;0;0;0;0;16;0;0;10;0;16;1;0;13;0;0;9;0;0;0;19;6;16;2;0;0;0;0;0;0;0;0;15;10
0;0;12;1;0;0;17;0;0;17;0;19;14;0;0;0;0;0;0;0;0;0;0;16;5;0;0;18;0;0;0;17;0;0;0;0;16;6;3;0;10;0;5;2;0;13;17;0;19;0;0;0;4;16;0;0;16;0;8;4;0;0;0;0;14;2;0;0;0;0;0;6;17;6;15;0;0;7;0;0;1;0;0;0;12;13;8;0;6;8;16;0;0;0;0;0;0;18;0;0;0;0;18;0;0;0;0;17;0;5;16;10;0;0;0;2;0;6;4;0;0;16;12;0;0;0;11;13;0;0;11;0;0;0;0;17;0;0;0;9;9;9;0;0;19;0;0;16;2;0;18;0;0;6;9;0;0;2;0;0;0;0;0;0;9;0;0;1;0;0;6;0;14;0;0;0;0;10;12;5;17;1;0;0;0;0;0;14;0;6;0;19;13;3;0;0;0;0;0;0;0
3;0;4;0;0;8;8;0;9;13;0;0;0;0;7;2;12;0;0;0;0;0;0;17;9;0;12;0;0;0;15;0;0;15;0;7;0;0;0;7;19;0;0;0;4;7;0;0;17;0;19;0;15;0;0;18;9;0;0;3;0;10;0;0;8;0;0;19;0;1;17;0;13;11;5;0;0;0;8;1;8;0;0;0;0;0;0;0;0;0;0;0;0;13;0;0;0;4;0;0;0;0;3;0;4;0;0;1;0;0;0;0;19;0;0;4;0;0;0;0;0;0;0;0;0;2;7;0;0;14;0;0;0;0;0;0;0;11;9;0;0;0;0;0;0;0;0;0;11;7;0;0;6;0;0;4;0;12;1;16;3;7;0;0;0;0;0;13;0;0;0;0;19;18;0;0;0;5;19;0;0;9;0;0;0;0;0;0;0;0;0;0;0;0;0;2;0;4;0;0;0
0;0;13;14;0;5;0;3;0;0;11;1;1;0;0;0;0;2;0;0;3;16;17;0;0;0;5;0;13;5;0;0;0;0;0;5;0;0;0;0;0;0;10;4;0;9;11;0;17;0;0;0;0;13;13;0;0;13;0;0;1;0;1;11;2;0;0;0;7;0;19;17;0;16;2;11;0;0;0;3;0;0;11;0;0;6;0;17;0;16;1;2;4;12;0;0;0;0;0;13;0;4;13;0;0;7;11;0;2;0;0;0;12;0;2;12;1;0;0;0;0;0;0;10;18;0;10;7;0;0;0;0;0;0;0;0;0;0;0;7;10;17;0;0;0;18;0;0;4;8;9;0;0;0;8;0;0;0;3;0;17;9;0;0;0;19;17;3;6;0;0;10;0;0;0;0;9;14;8;5;0;0;0;2;15;0;0;15;0;0;16;5;13;7;5;1;0;9;7;0;10
0;14;0;0;0;0;0;17;0;15;0;7;0;0;0;8;0;11;0;3;0;5;9;0;0;0;0;0;4;0;0;0;17;0;0;0;4;0;0;11;9;0;0;0;18;0;0;7;7;12;0;12;0;0;6;0;0;5;11;11;12;0;0;0;0;0;0;0;8;14;0;8;0;8;0;0;0;0;0;0;16;0;17;18;0;0;15;0;0;0;0;10;0;0;11;9;0;0;0;19;0;0;16;3;0;3;0;0;10;2;18;0;0;0;13;7;0;10;0;1;0;0;0;13;11;0;0;0;7;4;18;0;9;6;18;0;0;18;0;7;0;0;0;0;6;0;0;0;19;0;0;0;1;0;0;9;0;0;0;8;19;14;5;1;0;0;12;0;0;0;1;0;0;0;0;19;0;0;0;0;0;0;12;0;9;16;11;0;0;16;15;0;1;3;0;11;0;8;0;9;16
0;0;9;0;2;0;0;9;0;0;9;11;9;0;0;0;0;0;0;0;9;0;0;0;0;0;6;15;0;10;0;0;0;9;0;0;0;4;0;12;0;0;0;1;0;0;14;0;0;1;13;0;15;12;0;0;19;0;0;15;0;19;12;0;14;0;0;1;18;15;11;9;0;0;18;0;0;0;8;0;9;18;0;0;0;16;0;7;9;14;0;0;14;0;0;9;0;0;0;12;0;0;0;5;1;0;0;0;8;0;3;0;0;0;0;0;7;0;14;0;0;18;19;13;0;9;0;0;0;6;14;0;0;0;0;0;0;0;1;0;0;17;16;16;0;0;0;0;0;3;0;14;0;0;0;8;0;0;19;0;4;17;18;0;0;0;12;0;10;5;4;0;6;0;0;0;8;0;0;0;3;4;0;1;0;0;15;0;0;7;0;8;1;15;13;18;0;0;0;0;2
4;0;0;0;0;0;5;0;16;0;0;0;5;0;17;0;8;5;17;10;0;0;12;5;0;6;0;0;6;8;0;0;17;0;0;0;0;5;0;2;19;0;0;5;13;0;0;13;0;9;0;0;4;0;0;6;0;0;5;0;0;9;0;9;0;16;8;0;0;0;0;19;10;8;0;9;0;0;8;0;0;10;4;1;15;13;2;0;17;0;0;6;0;0;0;0;14;0;0;0;0;0;0;16;0;0;5;0;0;0;12;0;0;0;0;2;12;0;0;0;0;0;0;0;12;0;2;0;0;0;0;0;0;0;4;0;0;5;0;11;0;5;0;7;0;10;0;18;0;0;5;13;0;19;0;0;0;13;0;0;0;0;0;14;0;0;4;0;8;0;0;0;0;0;2;0;0;0;2;0;0;0;0;2;0;0;0;5;0;0;0;0;14;0;11;0;0;0;0;0;0
13;0;5;0;10;0;0;14;0;0;15;0;0;0;0;0;0;0;0;0;0;18;0;0;0;15;0;0;0;0;0;0;0;0;0;0;0;0;0;0;0;0;6;17;14;13;0;19;5;0;16;18;0;6;13;0;15;2;0;0;8;13;5;0;13;0;0;0;0;5;0;4;0;0;7;0;0;11;0;17;2;0;0;6;0;0;0;7;15;3;12;13;0;0;0;0;10;0;0;0;0;0;0;11;0;0;0;0;0;12;0;4;19;0;11;3;13;0;9;4;0;2;0;4;0;14;0;7;3;5;0;1;0;0;0;0;0;3;2;4;0;0;0;17;2;0;0;5;17;0;15;19;0;0;0;0;18;7;17;0;0;7;0;17;6;0;0;0;15;11;0;17;0;5;0;0;0;0;17;0;0;0;0;0;13;0;11;0;0;0;19;19;6;0;0;11;12;15;0;7;0
2;0;0;0;0;0;0;0;0;0;0;0;9;0;16;0;0;8;0;15;0;0;0;13;4;0;6;0;0;0;0;0;0;11;0;0;0;10;0;0;0;16;0;0;0;0;0;0;0;0;0;19;6;0;5;7;0;0;0;0;0;0;0;0;0;10;7;7;13;7;0;0;0;0;0;1;0;0;0;0;0;9;7;0;2;0;0;0;0;0;0;0;11;0;0;4;0;0;0;0;5;13;16;0;0;15;9;11;0;9;0;0;0;0;0;11;0;11;0;7;0;0;1;19;17;0;0;17;17;0;0;0;0;0;0;0;0;8;0;11;0;4;0;0;8;16;0;2;0;2;0;0;4;0;0;0;9;18;0;1;16;6;0;15;19;0;5;0;3;0;13;0;0;0;0;0;0;18;13;1;0;0;12;0;0;0;13;0;0;11;0;0;19;0;0;11;3;0;0;12;13
0;9;0;0;6;0;0;0;0;0;0;11;1;19;0;4;16;0;8;0;7;0;0;5;0;10;8;0;0;0;0;0;13;0;18;0;0;15;0;0;0;8;1;0;7;10;14;0;0;0;0;0;0;0;0;1;0;5;1;0;16;0;0;0;0;16;1;0;0;0;10;0;0;0;7;8;0;0;0;3;0;0;3;0;1;1;18;0;0;7;3;0;0;0;0;0;15;1;0;0;0;3;0;15;0;0;0;0;8;14;19;14;7;0;18;5;17;15;0;0;0;0;2;0;4;0;13;0;0;8;0;12;0;0;0;0;0;1;10;17;4;0;0;9;7;2;0;0;0;0;2;0;0;0;6;0;0;8;0;0;0;11;7;15;0;0;0;0;14;0;4;0;0;6;6;0;0;7;18;8;12;11;0;0;0;0;0;0;10;18;7;15;8;0;0;0;3;0;0;0;0
0;0;0;0;14;0;0;0;18;12;0;0;3;4;0;0;0;0;0;0;0;0;15;0;0;0;0;0;0;0;0;0;13;7;0;0;16;3;0;4;18;0;7;0;0;0;0;15;0;1;10;0;0;0;0;0;0;0;0;0;0;19;0;0;0;0;0;0;8;0;0;0;0;0;18;4;11;0;8;0;0;12;0;0;10;6;1;0;0;0;0;0;14;0;0;18;0;0;0;16;0;0;0;1;0;5;0;8;0;0;8;2;0;0;18;17;0;0;0;7;17;0;0;0;0;19;15;18;0;0;4;0;0;0;0;0;0;17;0;0;15;1;0;18;7;0;0;5;0;0;0;14;0;0;13;13;0;6;0;0;0;0;0;2;3;0;0;0;0;2;0;0;0;0;5;0;0;0;19;10;4;9;0;0;11;0;0;18;0;0;0;0;0;8;0;0;0;7;0;0;5
0;0;0;0;11;0;0;12;0;6;3;14;0;18;0;0;0;0;0;3;15;17;0;0;0;0;0;0;0;0;0;0;0;2;0;15;10;6;0;2;0;6;0;0;0;0;7;0;0;17;12;0;0;0;15;0;0;0;0;0;0;0;0;0;0;0;4;18;8;0;4;0;0;0;0;0;0;1;0;15;0;0;0;3;6;0;0;3;0;0;9;8;0;0;6;0;15;1;2;0;9;0;0;0;0;0;2;0;0;1;4;0;0;0;18;16;0;0;13;16;0;0;0;18;7;0;4;0;0;0;13;2;13;0;6;18;12;0;0;0;0;0;0;0;0;0;0;0;16;9;0;0;0;0;0;0;1;0;0;0;7;10;2;4;0;0;13;5;17;0;0;0;0;8;12;2;0;17;0;0;0;13;15;0;0;0;0;3;4;0;12;0;13;0;0;0;19;2;0;7;16
18;0;5;0;4;6;3;9;0;0;0;0;0;14;0;0;0;0;0;2;0;0;0;0;17;0;17;0;0;13;13;0;0;0;2;2;0;12;0;7;0;15;12;13;0;0;15;8;0;0;0;0;0;0;0;0;15;6;14;0;8;0;0;0;0;0;6;5;0;0;0;19;0;0;0;0;15;5;0;14;1;18;9;0;0;9;13;0;14;0;0;0;0;0;0;16;0;0;0;0;0;0;0;0;0;0;4;17;15;0;0;4;0;0;0;0;0;11;11;0;18;17;0;0;13;0;0;0;0;19;18;0;11;0;0;0;0;12;0;0;0;0;14;0;13;0;0;0;0;0;6;0;15;13;6;0;0;0;6;0;0;0;0;6;13;13;9;0;0;0;0;0;13;14;1;0;7;8;0;0;0;0;2;17;0;0;9;1;0;4;0;0;0;0;16;7;0;10;17;15;5
19;0;3;8;0;0;0;2;0;16;0;15;0;4;0;8;0;0;0;0;12;0;15;0;0;9;0;0;11;0;7;2;0;0;16;5;0;11;16;14;6;0;11;0;0;0;11;0;0;8;0;0;0;10;0;0;1;0;0;0;0;16;7;2;4;1;0;19;10;12;0;11;0;13;0;0;0;0;0;0;13;0;15;15;10;0;5;13;0;0;0;0;0;6;2;0;0;0;6;0;1;1;0;0;0;0;18;4;0;5;0;0;0;11;14;2;2;0;12;0;0;11;0;0;0;0;0;0;0;0;0;0;0;0;0;0;1;0;0;4;0;5;0;0;0;7;0;17;0;9;0;0;0;0;0;0;0;0;0;0;0;0;11;0;15;0;0;6;15;5;0;0;13;17;0;0;0;0;3;9;0;10;14;0;14;0;0;13;0;3;1;12;11;14;0;0;11;0;4;0;0
5;6;16;0;0;3;14;10;11;0;0;16;0;0;14;0;0;5;0;0;3;0;0;0;0;0;0;0;0;18;0;0;2;16;0;17;0;10;0;0;0;0;17;0;8;14;17;15;0;0;18;11;0;0;3;0;0;17;0;0;0;0;0;0;18;0;0;0;0;0;0;14;0;19;0;0;0;0;19;0;4;0;0;3;0;0;0;0;0;0;9;0;0;1;0;18;9;17;0;17;0;7;0;7;2;10;0;0;0;1;7;11;12;1;7;0;6;0;0;6;2;0;0;6;4;15;0;1;0;0;18;0;0;0;0;0;0;0;0;0;11;0;4;0;16;0;0;0;0;18;0;7;0;0;18;0;0;5;0;5;3;0;0;2;1;16;0;0;0;3;0;2;5;0;0;0;0;0;0;0;8;18;0;0;5;14;0;0;6;14;0;16;0;0;11;0;0;1;7;0;0
12;4;11;19;12;9;13;0;11;0;18;0;0;16;0;14;0;0;0;0;11;0;7;5;0;0;0;0;0;0;0;15;2;5;17;0;0;0;17;14;0;0;0;15;8;0;0;0;0;0;0;1;0;0;0;6;3;0;13;0;10;0;4;0;14;0;0;18;0;0;1;0;15;0;0;0;0;0;0;0;4;19;0;2;0;0;0;0;14;0;0;0;0;0;17;0;14;17;0;0;0;0;0;0;0;0;0;0;0;0;1;0;0;3;19;0;12;0;0;0;0;0;0;0;8;0;0;7;0;0;0;15;0;13;7;0;0;0;0;0;0;18;9;0;0;0;16;0;0;0;0;0;0;0;0;0;5;0;10;1;10;5;0;0;12;0;0;0;0;7;0;10;0;0;0;15;0;9;0;0;0;0;3;0;1;1;7;0;17;0;10;1;0;0;8;0;0;0;0;6;12
0;7;0;0;19;2;0;16;0;0;17;0;6;0;0;0;0;0;0;4;9;16;0;0;4;0;0;0;0;0;16;10;0;0;0;0;0;0;18;0;4;0;0;13;0;0;0;0;1;7;11;1;0;0;0;0;0;1;0;0;14;0;0;11;14;0;0;19;0;10;6;0;0;0;0;0;0;10;0;0;0;0;17;5;0;0;0;0;0;3;0;0;0;0;2;10;0;2;0;0;9;11;12;0;6;11;0;0;7;0;0;0;11;16;0;0;0;12;13;10;0;0;0;0;7;2;19;2;14;0;0;0;0;0;18;12;0;0;0;3;18;15;0;16;0;0;0;13;0;0;0;0;0;0;15;0;0;0;0;0;0;19;2;0;7;13;0;16;0;8;0;7;0;0;19;0;0;0;0;1;0;10;10;5;0;0;0;0;0;0;0;0;16;15;0;0;10;0;11;0;14
0;0;15;13;0;16;15;0;0;0;14;0;19;6;1;0;18;14;0;7;0;6;0;0;0;4;5;0;10;15;3;6;12;11;10;0;0;0;0;9;8;8;0;0;8;0;0;0;8;2;13;2;8;0;0;18;10;18;4;12;0;18;15;0;0;0;0;19;16;0;0;0;0;0;1;0;1;0;0;12;6;0;0;0;12;2;19;0;0;19;8;0;0;0;16;4;0;13;5;0;0;0;0;0;0;0;5;8;0;7;0;0;0;2;0;0;3;0;11;13;0;0;0;0;3;0;4;0;16;0;0;3;0;3;0;5;2;0;18;0;15;0;0;0;18;0;0;13;0;0;0;0;14;0;13;13;0;0;5;0;0;0;0;0;0;2;5;3;0;0;10;0;8;18;6;0;5;0;0;8;0;0;6;0;0;0;8;3;0;0;0;0;0;0;0;3;0;0;1;8;1
18;0;0;0;0;16;0;3;0;2;11;3;8;4;0;0;0;0;0;0;5;3;0;0;0;0;0;0;0;0;0;0;0;16;0;17;18;0;0;0;0;16;0;16;0;0;0;0;18;0;7;18;6;0;9;0;15;0;11;3;0;5;9;1;6;4;0;0;16;0;0;0;0;16;3;0;16;13;0;0;17;0;0;9;19;0;0;7;0;0;10;0;0;14;1;3;18;17;0;0;18;0;0;16;0;5;2;19;18;1;0;0;0;0;17;2;0;2;5;0;0;0;13;0;1;0;0;9;2;0;18;0;0;0;10;3;11;4;0;0;18;0;0;0;0;0;0;19;0;12;0;19;18;13;0;0;11;0;6;0;0;0;0;0;13;0;0;0;0;0;4;8;0;15;18;0;4;0;12;2;0;0;0;0;0;0;11;0;16;0;0;0;8;0;0;0;0;0;0;4;0
4;0;17;10;0;0;9;1;0;3;0;0;0;5;0;7;0;7;0;0;3;0;7;0;11;12;2;0;0;0;4;2;7;14;0;14;0;9;0;0;6;0;12;0;16;1;0;0;0;1;0;18;7;0;18;0;0;0;0;1;7;0;16;0;0;0;2;0;0;0;12;0;10;0;0;0;1;4;9;15;2;0;0;14;0;17;9;2;0;12;17;14;11;1;12;0;0;12;0;15;7;0;19;9;8;0;5;11;3;7;5;0;1;0;0;18;0;0;6;0;16;17;0;0;0;0;0;0;0;0;15;7;7;0;0;0;0;8;0;3;0;0;0;19;0;0;0;12;2;11;0;2;13;6;12;0;0;10;8;11;1;0;0;0;5;0;0;0;0;16;0;12;0;18;0;7;1;0;13;0;0;17;18;0;0;10;16;19;13;0;0;0;0;3;0;0;0;0;14;1;0
7;0;7;14;0;2;10;7;5;5;7;3;0;0;0;0;0;7;0;0;0;10;19;0;9;0;19;0;0;0;18;0;0;6;0;0;4;8;0;6;0;0;4;0;0;0;0;0;0;3;3;0;0;0;4;4;0;0;16;0;0;0;6;0;5;0;0;19;0;2;0;0;0;0;0;2;0;0;0;0;0;17;8;11;0;0;4;0;3;11;14;0;13;0;0;0;0;0;0;16;0;0;0;0;0;19;8;0;6;0;0;10;0;0;10;0;0;0;0;0;17;0;14;0;18;19;0;0;0;0;0;0;5;6;0;0;7;17;0;0;3;2;0;8;17;14;0;2;0;9;3;0;18;0;0;0;0;0;0;0;0;16;0;0;0;0;0;3;18;13;16;14;0;0;0;0;0;5;4;0;0;11;0;0;0;16;0;0;11;8;0;6;0;0;0;3;0;11;0;0;0
0;0;0;6;0;17;0;0;3;0;0;0;18;13;13;18;0;19;0;12;5;0;0;0;0;0;0;0;16;8;0;6;15;0;0;0;0;8;16;0;0;0;0;0;0;11;1;0;3;0;13;7;0;5;0;15;0;0;0;0;2;7;0;0;13;0;0;3;19;0;0;0;12;0;7;17;4;15;0;0;8;0;1;16;5;15;14;0;17;0;0;0;0;0;0;18;0;0;0;8;11;15;2;15;0;12;1;19;3;0;0;16;15;0;0;0;16;12;4;9;0;0;0;0;0;0;4;1;0;0;0;10;0;0;17;5;0;3;0;2;0;10;19;17;13;0;0;0;18;0;0;0;0;0;0;0;1;0;6;0;9;0;10;0;4;0;0;12;0;0;19;0;0;0;0;0;0;1;0;9;0;6;0;4;8;0;0;6;0;18;0;0;0;0;10;1;0;4;0;19;0
0;1;0;0;0;0;0;9;10;1;0;0;0;13;0;10;12;0;6;0;0;5;0;10;0;0;0;6;0;1;7;0;12;11;17;0;0;0;0;12;4;0;0;0;0;0;0;9;3;0;10;18;0;0;6;0;0;0;19;13;0;0;0;6;0;0;18;0;19;0;10;0;0;0;12;0;0;0;18;0;15;0;0;0;6;15;16;8;0;0;0;13;0;0;0;0;6;9;1;0;0;4;0;6;19;0;0;0;0;0;0;1;0;0;1;0;0;6;11;0;19;0;18;0;0;18;0;18;0;3;19;6;0;12;0;0;5;0;0;0;10;0;2;0;19;0;14;0;0;0;19;0;0;14;0;0;1;0;0;0;4;2;0;0;18;0;4;10;0;0;13;0;0;15;4;0;0;0;12;19;15;0;0;17;0;1;0;0;0;7;0;19;8;0;8;18;10;0;0;3;0
0;0;8;0;0;0;0;0;14;12;0;0;3;0;0;6;2;17;0;0;0;2;0;4;0;1;5;17;0;0;0;0;13;0;0;15;13;0;16;0;0;0;0;0;0;19;0;18;6;4;17;7;0;0;10;0;0;0;12;8;19;0;0;16;18;0;0;0;17;5;17;0;0;0;0;18;0;0;0;6;2;14;0;4;0;19;0;0;13;16;17;8;0;0;18;0;0;8;0;0;0;0;12;0;0;0;0;19;10;16;14;15;6;0;0;11;7;0;9;14;11;0;0;0;0;11;0;18;0;0;19;6;0;0;0;10;7;14;0;0;6;0;0;7;0;16;0;15;11;0;15;0;12;0;0;18;7;16;0;0;0;14;14;17;8;0;0;14;0;0;10;0;0;5;15;17;0;0;13;0;0;0;0;0;0;0;0;14;16;0;0;0;16;0;9;0;2;0;3;13;5
4;0;0;16;17;0;7;6;0;0;0;4;10;16;0;3;0;2;0;13;8;0;4;0;18;0;13;14;0;7;0;0;0;0;8;8;0;8;0;16;0;0;0;0;0;3;0;0;0;0;9;8;0;0;10;0;0;17;0;0;1;8;0;0;4;0;0;0;0;6;0;0;13;0;6;0;13;16;7;0;0;0;0;0;0;0;14;0;0;0;0;0;13;0;16;0;0;4;0;0;0;2;3;0;2;5;0;12;0;1;16;0;0;0;1;0;9;3;7;0;0;0;0;0;5;0;0;0;9;0;0;0;18;0;0;0;4;1;0;10;4;0;0;9;16;0;15;0;0;4;0;0;0;0;10;0;0;10;0;0;12;18;0;0;3;0;0;9;0;0;0;0;0;0;0;0;0;0;0;12;0;0;4;0;0;0;0;12;19;0;0;4;0;0;0;18;14;15;0;1;0
0;0;19;1;0;0;0;3;3;0;1;0;0;15;6;0;5;0;7;0;0;13;7;9;0;0;0;13;0;10;0;0;0;0;14;0;0;0;0;1;0;11;0;19;3;0;12;0;0;0;19;17;0;0;6;2;12;0;6;7;11;0;0;19;0;11;0;0;5;0;2;5;17;0;0;2;0;0;0;7;3;11;0;5;7;0;1;4;12;0;11;16;0;0;8;19;0;0;16;0;4;0;12;0;0;16;11;0;9;0;0;19;13;0;0;0;0;0;0;0;7;0;2;0;13;0;0;0;0;1;0;7;7;16;0;0;18;0;10;0;0;6;2;14;9;0;0;0;0;6;10;15;3;14;0;7;17;0;0;10;0;0;0;5;14;1;9;0;0;15;6;5;0;0;0;18;0;0;11;0;7;1;0;0;15;0;14;0;7;0;0;0;10;0;0;0;7;6;19;8;0
18;4;1;0;0;0;14;2;17;0;10;8;0;3;0;14;10;13;0;10;0;17;0;11;0;14;0;0;0;14;0;7;15;11;17;0;0;0;0;0;0;1;0;0;0;12;0;0;0;6;0;0;0;0;0;0;0;6;5;0;0;19;0;0;0;7;2;5;16;0;0;5;6;0;0;0;0;0;0;0;0;0;6;11;0;0;0;17;0;3;0;0;0;0;4;0;19;0;0;0;12;12;0;0;13;8;0;6;0;0;0;0;0;0;0;10;15;0;0;0;16;0;0;0;8;0;0;1;16;0;6;0;0;1;0;0;0;0;0;12;14;0;2;0;7;0;0;0;0;0;0;0;0;19;0;5;0;0;9;10;0;8;0;11;18;0;0;0;0;0;0;4;0;0;3;0;0;0;8;0;0;0;12;0;0;0;0;0;8;8;15;0;6;0;12;0;0;0;8;0;4
0;2;9;0;13;0;18;4;0;0;0;0;0;13;0;1;0;0;1;0;0;0;0;0;7;0;13;19;0;0;15;0;8;0;15;0;0;0;0;0;0;0;9;18;0;0;0;0;0;17;0;17;0;0;16;1;14;8;5;0;0;18;0;0;19;0;12;0;6;0;10;0;0;1;0;0;0;0;0;18;0;10;0;0;16;0;0;0;17;0;17;0;0;15;0;0;0;0;16;0;0;17;0;2;0;0;2;0;0;0;0;0;0;0;0;0;16;0;12;16;0;1;0;9;1;4;4;0;18;4;0;19;0;0;0;0;0;0;0;0;18;0;0;17;0;0;5;0;0;8;6;10;10;2;0;7;10;2;0;15;4;0;0;15;9;0;0;13;19;0;10;19;0;0;2;7;19;0;13;0;0;12;0;7;16;0;17;0;17;0;0;15;0;0;6;8;16;0;5;0;4
5;0;0;0;0;0;3;0;1;6;0;0;5;0;0;0;0;13;17;0;0;19;17;17;7;0;0;5;0;0;0;0;0;0;0;0;1;8;18;0;0;3;3;6;0;0;0;0;0;0;0;4;15;13;17;0;0;0;4;0;0;0;15;0;0;0;3;4;8;0;16;0;0;0;0;0;0;13;0;0;11;4;0;0;0;0;0;19;0;0;0;19;5;10;0;11;0;0;8;0;0;0;6;9;12;3;0;10;0;0;0;0;17;0;0;4;0;0;17;14;19;0;0;3;0;0;0;4;0;9;0;0;12;0;18;0;10;0;0;7;0;9;12;0;0;0;5;10;0;15;0;0;0;0;0;5;0;16;0;0;0;0;18;19;19;0;0;0;0;0;0;11;0;8;13;0;0;1;0;13;1;0;0;2;0;0;0;0;1;0;10;0;9;3;0;0;11;1;0;0;0
5;9;0;0;15;3;0;17;5;0;4;2;0;17;0;9;0;0;1;8;0;0;0;0;12;1;9;0;0;0;1;17;0;8;0;0;7;2;0;1;3;0;0;4;0;0;6;17;0;0;0;0;0;0;4;2;0;0;2;0;0;17;0;0;0;0;13;0;4;0;7;0;13;0;0;0;2;0;0;0;0;7;0;0;18;0;18;0;5;9;12;0;6;0;0;18;0;0;0;0;0;0;0;0;0;15;0;15;0;16;19;0;19;0;7;10;0;0;0;19;14;7;0;0;0;12;18;19;19;12;5;6;12;0;0;17;0;0;0;8;0;16;17;0;16;7;0;0;0;0;12;0;0;0;0;18;12;10;0;0;6;19;11;0;0;11;0;13;0;10;0;0;15;0;4;0;0;1;0;15;13;0;0;0;2;0;0;0;1;12;0;0;0;6;0;8;7;14;0;0;0
13;0;0;0;18;12;0;6;0;0;5;18;0;8;0;12;14;0;10;0;12;0;19;0;0;13;0;16;0;0;10;12;0;0;18;0;11;13;7;0;3;13;10;17;9;19;0;0;0;0;0;0;3;0;19;0;8;0;2;0;0;0;14;2;0;0;1;0;16;0;18;0;0;9;0;0;0;4;0;0;0;0;4;0;14;15;0;0;16;0;0;0;8;0;7;0;0;0;13;5;17;6;0;0;0;0;0;0;0;0;10;6;0;0;0;9;0;10;15;0;17;0;0;14;16;13;0;11;13;0;10;19;9;11;0;8;3;0;2;0;0;0;0;0;0;0;11;10;0;0;7;0;1;0;0;3;0;16;13;6;0;0;3;19;0;0;0;0;0;2;14;0;0;0;0;0;0;0;4;0;0;0;0;0;14;0;0;0;0;0;3;6;0;14;2;0;8;8;13;18;0
0;0;0;18;17;0;0;0;16;0;0;0;3;13;0;1;8;0;5;0;0;0;0;0;12;0;0;18;19;0;0;0;0;0;11;1;1;2;18;18;0;7;18;7;8;17;0;17;4;0;0;0;0;0;12;0;2;1;0;0;0;0;0;0;0;0;12;0;17;0;0;0;0;13;0;0;0;0;0;12;0;13;6;12;0;0;0;9;7;17;19;14;3;4;0;10;18;0;0;0;12;8;2;0;0;0;8;5;8;13;17;10;0;1;0;0;0;15;18;0;18;19;0;0;0;0;0;0;0;0;16;2;0;15;0;9;0;13;0;0;13;0;11;0;6;0;0;6;0;11;0;18;0;0;0;0;0;0;18;19;0;5;12;6;0;0;0;18;6;19;12;15;0;15;0;0;0;0;5;0;9;1;0;8;0;0;1;2;0;0;0;0;0;0;17;0;5;0;0;19;0
1;16;0;0;0;9;0;1;0;9;0;10;0;3;0;9;9;0;4;11;18;4;15;0;0;15;4;0;6;0;0;0;0;0;0;0;0;8;6;7;0;0;0;0;0;0;0;0;15;0;3;0;0;0;0;0;12;0;0;0;0;2;0;0;19;0;13;0;0;0;4;0;17;0;0;15;9;0;0;2;9;0;0;0;0;7;0;0;3;11;7;0;0;0;15;0;13;2;17;0;12;0;0;11;7;19;0;1;12;0;12;0;12;0;0;2;19;0;0;0;0;0;11;2;0;13;0;0;0;0;0;0;11;0;9;2;2;0;10;0;10;6;2;0;0;0;17;7;0;19;0;0;0;8;0;0;0;0;15;0;0;4;0;17;10;12;0;14;0;18;0;0;0;18;0;0;13;0;9;0;0;0;3;13;0;0;1;6;0;0;0;0;8;3;0;12;0;0;0;5;16
2;5;0;3;0;0;17;0;0;13;0;0;3;0;0;0;0;17;0;0;0;16;0;13;0;12;0;6;0;0;0;0;0;10;0;0;0;0;0;0;0;5;0;0;0;0;0;0;13;0;0;0;0;0;0;19;0;5;0;0;19;0;0;9;0;0;0;18;0;0;0;0;18;5;0;2;0;0;8;3;0;0;0;0;0;0;1;18;19;0;7;3;14;8;0;0;0;13;0;15;0;0;0;0;17;0;0;0;0;0;0;0;0;9;9;12;18;0;0;14;4;3;0;0;0;0;0;0;3;18;0;5;0;16;7;5;0;1;0;0;0;0;0;12;0;9;0;9;0;9;0;0;11;3;2;18;0;16;14;7;0;0;17;0;13;0;0;7;7;1;12;0;0;0;0;0;0;14;0;7;15;0;0;3;0;0;6;0;0;0;0;0;0;6;2;17;19;0;0;0;0
0;0;0;0;1;12;13;3;0;0;5;0;0;0;0;6;0;0;13;19;0;0;0;13;6;0;0;13;5;0;0;15;0;0;3;0;0;0;9;18;4;0;6;10;10;6;0;16;17;4;19;12;0;0;0;4;0;0;5;13;16;0;0;0;0;4;0;0;0;0;0;0;0;0;3;0;2;0;0;1;0;0;0;13;1;6;10;0;0;0;0;0;0;0;0;0;15;14;15;0;0;0;4;0;0;13;0;0;9;5;19;0;1;10;13;0;0;0;18;0;7;0;16;0;3;0;0;0;0;0;0;1;0;0;0;0;0;9;17;18;0;0;0;0;0;4;0;17;0;2;0;0;2;0;0;0;17;0;5;0;11;16;0;7;0;12;18;13;6;0;0;0;0;0;13;0;0;0;0;0;8;16;4;0;15;15;0;18;0;10;0;8;0;0;0;0;0;16;0;13;0
0;18;0;0;0;15;0;0;15;13;12;1;0;5;18;8;0;0;0;0;19;0;18;0;0;0;6;0;7;1;0;0;0;0;0;6;0;18;0;0;4;15;0;0;0;2;0;1;0;2;0;0;0;19;4;0;0;14;0;15;0;5;9;0;16;0;16;0;0;17;18;9;0;0;0;0;8;0;0;0;3;0;6;0;0;5;0;0;5;0;0;8;0;0;0;0;0;11;1;0;16;0;0;0;19;11;2;0;8;0;0;0;0;0;14;0;0;0;0;0;0;10;0;0;0;13;5;0;16;18;7;0;0;9;0;0;0;0;14;6;0;0;0;0;0;0;0;0;0;15;17;15;0;12;9;0;12;0;0;0;0;12;0;0;0;0;15;6;0;9;0;0;0;0;9;0;0;7;8;14;0;0;3;0;0;0;0;13;14;6;0;7;1;0;2;1;18;0;0;4;0
5;0;0;17;0;15;5;0;0;0;0;0;0;15;10;11;18;18;0;0;12;16;9;0;0;19;0;15;0;0;0;0;15;1;0;3;0;10;15;0;0;0;0;0;0;12;0;14;0;0;8;2;12;0;0;0;0;6;0;0;3;8;0;0;0;8;17;0;0;1;8;0;0;0;3;0;0;0;2;0;0;0;0;4;5;0;6;15;5;11;14;16;3;0;0;14;14;16;0;10;0;8;0;0;0;0;0;7;0;0;0;16;19;0;11;0;2;0;16;0;19;0;1;11;0;5;0;10;0;0;0;0;0;0;10;0;8;2;0;0;0;15;10;0;11;0;0;18;2;0;0;0;0;0;2;9;0;17;0;16;9;0;6;18;0;0;16;0;0;14;0;19;18;0;13;0;14;0;0;14;0;0;0;4;10;0;6;0;0;13;9;5;0;0;0;13;0;0;19;0;0
0;0;0;6;9;13;14;0;0;8;1;0;0;3;19;0;1;0;0;8;5;0;0;13;5;0;0;2;0;5;0;0;6;0;17;0;1;18;0;0;0;0;0;0;17;0;6;8;0;0;0;1;0;5;0;14;6;0;2;4;12;7;0;1;0;0;9;4;0;0;13;16;1;14;14;12;0;0;0;15;0;0;10;0;2;0;9;0;9;1;0;10;0;0;18;0;5;0;12;18;0;6;16;0;3;10;0;0;0;0;0;1;9;2;0;3;0;16;6;6;0;0;18;16;0;18;0;0;18;0;0;11;12;0;0;0;4;16;0;0;3;0;19;0;0;6;0;10;0;2;1;0;0;0;0;0;0;8;0;0;16;0;0;0;12;2;0;0;0;0;0;10;7;19;19;0;7;0;0;12;0;0;16;0;8;12;0;15;5;0;0;6;12;0;0;0;0;0;0;3;8
0;16;0;12;0;0;0;0;0;0;0;16;0;0;0;0;0;19;0;19;8;8;0;0;11;0;5;0;0;1;0;0;14;0;0;13;0;4;11;0;16;0;19;12;0;6;5;5;4;2;2;0;0;0;5;0;0;2;0;12;16;0;0;0;18;0;13;0;0;0;0;19;1;0;5;0;12;13;1;5;0;10;13;0;1;0;0;0;14;0;0;8;17;0;1;0;8;5;0;11;0;3;0;18;0;19;12;0;0;0;17;0;10;0;0;0;11;8;0;0;0;1;0;9;5;8;0;0;9;0;3;1;0;15;0;7;0;0;7;10;8;0;0;0;8;0;0;5;6;0;0;19;6;0;12;0;0;0;0;2;0;0;0;0;0;0;0;12;0;0;0;0;18;3;0;17;0;0;6;7;0;0;0;0;0;0;0;1;12;0;0;0;0;0;11;0;0;0;0;14;0
13;0;0;0;0;13;0;0;0;0;1;17;11;0;0;8;0;0;5;0;0;4;3;0;11;15;0;0;0;0;0;0;0;0;0;0;0;12;3;1;0;0;13;8;0;7;0;0;0;0;0;0;0;0;13;15;0;4;12;0;0;0;0;0;0;18;0;0;0;0;0;0;0;15;0;0;0;0;12;0;1;5;0;0;0;0;14;0;12;19;0;0;11;0;0;0;7;13;0;5;0;0;1;0;0;18;0;17;0;0;15;2;10;0;0;0;0;0;0;16;0;18;0;0;18;0;5;0;13;0;0;0;0;0;11;6;19;16;0;0;4;18;0;0;0;8;6;0;0;0;9;4;0;0;19;0;0;0;19;0;0;6;0;10;0;11;0;0;0;0;0;7;8;0;15;0;15;0;6;14;0;12;0;11;0;0;0;0;0;0;7;0;17;0;0;0;16;1;0;1;0
0;0;0;0;4;0;0;7;2;0;0;15;17;8;0;13;0;12;14;15;15;0;0;1;12;0;0;8;0;16;0;0;8;0;0;10;14;0;0;7;0;2;0;19;1;11;0;0;0;0;0;0;0;19;16;0;3;12;16;0;0;0;0;0;0;9;4;0;0;0;4;0;0;9;18;0;0;0;9;7;0;0;0;0;0;11;10;0;6;2;9;12;14;0;0;0;8;15;0;6;13;0;0;0;0;19;0;0;0;0;0;0;0;13;6;18;0;0;18;6;1;0;3;16;0;0;15;0;0;0;0;10;0;5;0;14;0;0;1;0;13;0;14;0;16;0;0;15;0;0;12;0;15;0;0;7;0;1;19;0;5;12;4;17;8;10;0;18;15;0;0;18;0;0;5;0;11;3;0;0;1;0;0;0;0;0;0;0;10;5;8;0;4;0;4;8;0;6;0;0;0
12;11;16;16;18;11;0;12;0;2;19;16;14;0;4;0;19;18;4;13;0;0;10;0;0;19;9;13;0;0;19;0;0;16;0;0;0;18;5;0;0;7;0;0;8;0;19;18;0;17;0;0;2;0;0;5;8;7;0;0;0;0;0;14;16;0;0;18;8;0;2;0;0;0;9;18;0;14;0;0;8;0;0;16;0;0;13;0;0;2;0;19;15;12;0;17;6;0;0;10;18;12;0;10;0;0;11;0;0;11;2;0;0;0;11;0;0;0;14;2;8;0;0;18;19;0;1;0;0;9;7;1;15;0;0;0;17;0;0;0;19;17;0;12;5;0;0;0;0;0;0;0;0;12;0;0;17;17;9;0;18;0;0;9;7;14;0;4;2;0;0;0;0;18;0;3;0;0;2;0;18;15;9;14;0;0;12;0;0;0;0;0;3;0;0;0;19;0;0;0;0
0;0;0;0;0;0;0;7;3;0;0;0;0;0;0;11;0;0;0;9;0;0;0;1;0;12;0;5;0;0;0;0;0;7;0;4;0;15;9;16;6;0;0;0;0;0;0;0;15;0;14;0;0;0;0;9;0;0;0;0;0;0;0;0;2;19;0;13;0;0;0;0;8;0;3;13;7;0;16;0;0;0;0;0;10;0;10;17;0;12;9;0;0;15;0;0;19;0;5;6;10;6;0;0;1;0;0;13;18;0;4;8;0;3;9;0;0;19;2;0;0;1;0;0;7;7;0;14;0;0;18;0;10;0;0;7;0;10;0;7;0;4;10;4;0;0;0;11;18;15;14;0;0;12;0;0;0;0;0;0;7;19;0;5;0;0;9;2;12;0;0;0;5;9;19;0;0;0;0;0;0;0;13;0;10;0;0;3;14;0;17;0;4;0;0;0;0;0;17;0;0
0;0;0;5;15;0;8;0;16;0;18;0;3;0;2;9;6;0;0;0;0;0;0;11;0;0;9;0;0;0;0;0;0;2;0;0;11;0;1;0;0;0;6;16;0;19;0;0;0;0;2;0;0;9;0;0;0;1;0;0;0;14;0;0;0;0;0;0;18;0;0;0;0;0;0;0;11;0;0;7;7;12;4;0;14;0;0;18;0;0;16;0;11;0;6;0;15;1;2;0;11;5;0;0;0;0;17;0;11;11;0;0;14;15;0;7;7;0;0;0;0;0;0;0;0;0;0;0;0;0;0;0;0;0;10;17;15;2;0;17;0;0;0;0;8;0;0;0;1;0;5;10;0;0;0;2;0;18;0;0;9;0;0;3;0;11;16;0;13;0;0;16;0;0;13;0;9;0;0;1;2;0;0;8;0;0;0;17;0;0;1;9;12;17;8;0;0;0;11;12;14
16;17;0;10;0;5;13;17;0;4;19;14;0;0;0;0;5;0;0;3;0;14;8;2;0;14;0;13;0;0;0;0;0;4;18;14;14;0;6;0;5;13;0;18;4;0;0;19;0;0;0;0;19;0;0;16;0;0;18;0;0;16;2;0;0;0;0;0;18;0;0;15;0;9;11;6;15;0;0;17;0;19;0;0;11;12;0;16;0;0;0;0;7;0;0;6;0;0;0;5;0;0;14;14;0;0;0;19;0;0;0;0;9;0;1;0;12;0;0;0;0;0;0;0;11;0;9;0;5;0;0;0;8;6;0;5;1;0;0;6;0;6;0;4;0;7;6;11;10;0;0;0;0;3;0;0;13;0;0;0;0;5;0;0;0;17;0;0;0;14;0;9;0;19;0;10;12;0;1;8;0;12;3;0;0;0;0;9;6;0;11;0;8;13;0;0;0;17;4;0;7
16;6;0;3;2;0;0;0;0;16;0;0;12;0;16;0;0;1;16;0;0;2;0;0;0;0;16;0;10;16;0;0;0;1;0;0;0;0;4;0;0;0;0;0;0;11;7;0;0;0;0;0;0;0;4;0;8;0;0;18;9;0;19;0;0;0;8;0;0;0;14;0;0;0;9;0;3;0;13;0;12;0;0;0;0;0;1;0;0;0;6;0;0;4;4;0;0;0;0;14;10;15;0;0;0;0;0;0;14;10;15;0;8;0;0;0;0;0;0;11;17;0;0;19;0;0;11;4;0;0;18;18;0;12;15;2;1;0;7;16;0;12;12;0;0;0;0;10;0;0;5;3;0;0;11;14;0;0;0;0;0;0;16;0;0;0;0;0;0;0;0;0;0;0;0;0;10;0;0;0;0;0;1;10;0;11;0;0;0;12;6;0;0;6;0;2;0;0;0;0;0
0;3;6;11;0;0;0;6;8;18;11;0;14;17;0;3;8;0;10;0;14;0;0;0;0;0;8;0;7;1;0;4;6;0;0;0;0;0;0;2;0;0;18;0;0;0;2;12;3;13;1;12;13;0;0;16;17;9;13;0;4;0;0;0;0;8;0;0;0;0;8;15;0;8;0;0;13;3;0;10;0;6;0;0;0;0;0;0;0;0;0;0;17;0;13;0;8;0;0;0;0;14;0;9;0;9;10;0;0;0;0;6;0;14;8;0;3;0;0;11;0;0;0;7;0;1;12;0;4;0;0;0;0;0;2;0;0;0;0;15;0;18;3;0;7;13;0;0;0;12;5;0;0;0;0;18;14;11;0;0;0;0;4;0;0;0;0;0;0;0;0;0;0;0;14;0;14;18;15;5;12;6;9;0;0;4;0;0;0;7;1;17;9;11;0;0;0;10;0;4;0
0;9;0;0;0;0;16;0;0;0;0;0;6;6;6;2;6;0;0;19;3;0;19;0;0;1;0;0;7;0;0;18;5;19;0;18;19;19;0;0;19;3;0;0;0;0;5;0;4;0;0;0;0;18;0;0;0;4;0;0;0;18;13;0;0;0;0;0;7;14;0;0;0;0;0;0;0;6;0;0;0;0;0;0;0;0;11;1;15;14;2;0;0;0;1;19;0;5;8;9;0;0;4;0;0;12;0;1;5;4;0;0;0;0;0;0;14;11;0;0;0;0;0;0;10;0;0;0;0;16;0;10;4;11;0;11;3;0;0;8;0;0;0;0;0;0;0;0;0;11;12;0;11;0;5;0;19;0;0;13;10;8;0;0;7;0;3;0;9;0;0;0;0;18;1;0;10;0;16;8;0;0;18;11;0;0;14;0;0;7;0;0;0;6;11;0;0;19;0;0;14
0;18;0;16;10;0;0;0;3;0;0;4;0;0;16;0;12;0;0;13;0;0;0;7;8;18;0;0;13;0;8;8;0;10;0;0;0;16;16;0;0;19;19;17;0;5;16;6;8;4;16;17;0;0;0;0;0;0;0;0;0;8;0;18;18;0;0;7;0;0;0;0;17;19;2;10;0;0;17;0;7;0;0;12;0;0;0;5;0;3;0;0;4;0;0;0;0;0;0;0;0;0;14;11;0;0;0;0;0;0;14;16;0;10;0;0;16;0;19;0;0;0;14;9;17;11;15;0;0;0;1;14;0;0;0;0;0;13;0;15;0;14;5;0;16;0;16;0;0;0;0;0;16;14;0;2;0;6;0;2;14;0;2;0;11;0;0;9;0;0;0;0;0;0;3;2;10;0;4;12;0;0;0;0;0;0;0;0;7;4;0;0;0;3;0;0;7;16;0;1;0
0;0;0;0;0;0;9;0;0;0;4;0;0;12;0;0;0;18;11;0;3;0;1;0;14;15;0;5;7;0;0;0;0;12;0;0;10;0;0;0;2;0;0;5;6;0;0;0;0;0;0;0;0;0;0;17;1;0;0;0;0;0;0;0;0;0;0;14;0;0;0;0;0;0;0;0;12;0;0;17;0;5;0;0;10;0;4;0;7;0;0;0;0;5;0;0;9;0;0;11;9;6;0;0;0;0;14;0;11;15;16;6;0;0;2;15;0;0;0;0;0;0;0;16;0;0;9;8;0;17;0;10;0;0;0;13;10;0;0;0;3;0;0;0;18;0;0;0;0;0;0;16;0;0;16;0;0;0;0;0;4;0;0;12;9;6;8;0;0;19;0;18;0;11;0;0;4;0;8;13;0;0;2;10;0;19;2;10;0;0;9;9;0;0;15;0;0;4;0;0;0
9;9;15;0;6;0;2;0;17;0;16;0;0;0;13;0;0;10;13;0;7;0;17;19;0;11;0;0;0;10;0;4;0;0;0;1;6;0;0;12;0;0;10;17;0;2;0;10;16;7;18;0;4;0;0;18;8;13;0;0;4;2;0;0;0;14;8;0;0;0;0;0;0;0;0;0;0;0;0;0;6;17;18;0;0;0;0;5;0;18;0;0;0;2;7;7;5;0;0;0;0;0;0;6;0;15;9;0;0;13;8;0;15;0;15;0;0;0;0;11;3;12;0;2;0;16;0;0;2;10;0;2;1;0;0;0;8;0;0;0;0;0;0;12;12;0;6;17;17;4;0;5;6;0;0;0;0;4;12;12;8;13;0;0;0;8;4;14;7;0;0;0;0;0;15;11;0;0;0;13;9;0;17;3;0;0;11;0;0;0;0;0;0;0;0;0;0;10;0;0;19
0;5;0;10;0;0;19;1;0;10;0;0;18;18;0;0;0;12;0;6;5;6;0;17;8;9;19;4;0;0;0;0;19;11;14;0;0;0;0;0;0;0;0;0;0;5;5;0;0;0;0;0;0;0;0;9;0;16;19;0;0;0;0;0;15;0;15;0;0;0;0;0;0;8;0;19;13;0;0;0;18;9;0;1;7;0;8;0;13;6;0;9;0;0;5;16;18;17;0;0;0;0;4;0;0;15;0;10;0;6;0;0;0;0;0;0;0;0;5;0;9;0;0;19;0;0;0;7;0;4;0;12;12;0;0;0;13;5;0;9;0;0;0;0;4;0;0;4;0;0;12;7;5;0;0;0;0;0;0;4;6;2;0;14;12;0;0;0;14;19;0;17;0;0;1;16;0;17;0;0;4;0;0;19;0;0;19;0;0;0;0;16;9;0;0;10;0;0;3;12;0
0;7;0;0;0;0;8;18;0;0;5;14;4;16;0;0;13;0;13;1;7;17;13;0;0;0;10;0;0;0;0;0;0;0;0;15;0;0;0;10;0;12;0;0;13;17;6;0;0;13;0;0;17;18;0;0;0;1;1;0;0;0;8;0;0;0;0;0;17;0;0;0;0;10;3;0;0;12;0;7;0;14;13;11;14;15;11;0;0;0;0;0;0;0;0;0;0;17;7;0;11;16;8;0;0;14;0;0;0;0;5;8;8;0;0;18;1;15;0;0;0;3;0;0;0;0;0;10;17;0;0;5;0;16;7;0;0;0;0;0;0;0;13;19;0;0;5;0;0;0;7;0;0;5;0;0;6;3;0;10;0;0;0;0;0;10;0;0;8;0;7;5;0;0;0;9;0;0;0;9;0;8;0;0;7;3;0;14;3;0;6;0;14;0;0;3;7;6;0;0;0
0;8;10;15;0;0;0;5;0;0;15;9;0;16;4;10;14;4;0;0;0;6;11;16;8;0;8;0;0;0;0;0;0;13;19;0;0;0;16;0;0;0;0;0;0;0;0;1;0;0;9;13;0;5;0;0;0;14;0;15;9;0;0;0;9;0;8;0;19;0;0;8;10;0;0;0;0;11;15;0;9;18;0;7;0;0;0;14;10;8;0;6;10;0;11;17;0;15;0;0;8;3;4;13;6;3;0;0;0;14;0;0;0;0;0;11;0;6;0;2;0;0;12;9;4;8;0;0;7;0;18;15;0;0;0;7;0;0;0;0;0;18;12;0;0;0;3;0;0;0;0;0;0;0;0;13;0;0;5;0;12;3;0;0;0;0;10;12;0;5;9;12;6;1;0;5;0;7;0;8;2;18;0;0;6;0;0;0;0;0;0;0;15;17;8;15;0;13;0;15;0
0;19;0;8;16;10;6;0;0;19;0;18;0;0;1;0;0;0;0;5;7;15;5;2;0;18;0;7;0;7;18;0;0;0;0;0;0;1;3;0;0;7;12;0;6;0;0;0;0;0;0;0;0;0;3;0;3;14;5;0;18;9;3;0;11;9;0;0;2;0;0;0;3;0;0;14;0;8;0;0;0;0;0;0;0;0;0;0;0;1;0;0;0;0;0;15;17;0;0;0;0;16;0;9;3;0;9;0;0;0;0;0;0;0;0;12;0;14;0;1;2;0;0;13;0;10;5;0;0;7;0;0;0;0;0;0;0;12;8;0;11;15;15;15;5;0;0;0;13;4;0;0;0;0;0;0;7;16;2;0;0;0;0;16;9;0;16;0;7;17;0;0;0;0;0;2;0;0;0;13;0;0;0;0;0;0;0;0;1;0;0;0;0;19;0;7;0;1;0;0;3
0;0;1;0;12;0;0;0;0;17;16;12;0;0;0;1;0;7;2;1;0;0;0;11;0;0;9;0;1;8;4;0;0;0;0;0;0;0;0;0;2;17;0;18;0;2;0;0;0;0;0;0;15;2;0;0;0;12;0;0;0;18;13;0;6;0;0;0;10;0;0;19;0;0;14;0;16;0;9;0;0;17;15;0;0;10;18;0;14;1;0;0;6;15;0;0;1;0;0;0;9;0;2;0;0;18;0;0;10;0;0;18;0;0;0;3;0;0;0;0;0;1;0;0;17;0;0;5;0;0;0;18;9;0;19;0;0;10;0;0;0;0;2;0;0;0;0;1;1;7;0;0;0;9;0;0;0;19;0;0;0;0;0;5;19;0;0;12;10;16;15;7;0;8;0;2;11;0;4;0;0;0;10;15;0;17;5;14;17;0;6;0;0;0;0;7;17;2;0;14;19
2;11;0;6;12;0;0;0;0;0;0;0;0;0;0;0;0;0;2;14;0;0;0;0;0;0;0;0;0;0;11;0;15;0;0;0;0;1;16;1;0;4;0;0;13;0;0;0;0;2;0;0;9;0;2;8;0;0;12;0;0;0;7;11;15;3;13;0;0;12;0;13;0;0;0;16;0;0;0;0;19;0;5;3;18;4;9;11;0;10;0;0;0;0;0;0;0;0;0;8;1;0;0;0;16;0;0;19;5;0;0;0;19;0;10;0;0;0;10;0;0;16;3;0;6;0;0;8;0;0;0;0;0;0;0;0;6;0;1;13;15;0;8;10;0;0;11;0;0;4;0;16;14;0;9;0;0;0;0;7;11;0;0;0;9;8;0;10;1;10;18;0;0;18;4;0;0;1;9;0;0;0;0;0;0;13;0;7;0;5;0;0;0;3;1;4;0;17;2;0;0
19;5;0;0;0;0;0;13;0;18;0;11;0;3;0;3;0;0;0;0;0;7;0;0;0;0;0;11;0;0;0;1;5;0;0;0;10;0;13;4;0;15;0;0;16;0;0;0;13;0;4;0;0;0;0;0;0;0;13;0;0;14;0;0;0;0;3;6;0;0;0;0;12;11;8;0;0;0;16;0;0;0;18;0;0;8;0;0;4;0;0;0;0;11;0;0;6;0;0;0;19;7;0;0;14;0;0;5;0;0;0;3;11;5;14;0;0;19;0;5;9;4;0;0;0;0;0;3;0;0;0;1;19;16;0;18;0;0;5;0;0;0;0;0;12;9;18;11;19;8;13;0;7;0;0;0;0;0;0;0;1;13;0;0;0;13;3;0;10;18;17;14;0;19;0;0;7;0;0;0;15;5;18;0;0;6;0;0;0;6;11;0;0;0;0;0;0;0;0;19;0
0;13;0;0;16;8;0;0;1;19;13;0;13;0;17;0;0;0;0;10;0;0;8;0;0;8;8;0;0;0;8;0;0;0;19;0;0;0;0;9;0;0;18;0;7;0;0;0;0;0;0;0;0;8;0;0;2;0;1;12;9;0;16;0;0;13;0;0;17;0;0;0;0;15;0;9;0;16;0;0;13;1;17;0;0;0;3;0;16;0;0;0;0;17;0;10;0;0;15;0;16;3;0;0;0;19;0;0;0;0;0;3;0;1;0;11;1;15;0;0;0;0;0;19;0;0;0;8;17;0;0;0;0;0;0;0;0;0;0;1;14;0;0;0;0;0;13;0;5;0;0;0;0;4;0;13;0;8;0;0;0;0;13;15;0;0;8;0;0;3;0;0;8;9;0;17;0;17;7;16;0;7;0;0;0;0;0;9;0;10;0;0;18;8;0;0;0;0;0;0;16
13;0;1;16;0;0;0;0;0;0;0;17;0;7;14;15;15;1;0;2;0;0;1;3;0;0;0;17;0;3;0;15;14;0;0;0;0;12;0;15;0;0;0;6;0;7;0;18;0;0;0;12;2;3;1;0;0;15;5;0;7;0;0;7;17;0;10;0;0;17;0;0;7;0;0;0;0;0;0;0;0;0;1;0;15;0;0;0;0;17;0;0;0;0;0;0;2;6;0;0;0;0;17;0;16;0;0;7;0;0;6;19;19;0;16;17;2;5;6;0;10;0;0;13;0;0;15;0;0;0;13;18;19;0;3;0;1;7;12;0;0;1;0;0;9;0;0;0;0;9;0;0;9;0;8;0;0;19;18;0;1;3;0;0;0;0;2;0;7;0;0;15;0;0;0;0;0;9;0;0;0;0;15;16;0;19;0;0;7;0;16;13;0;0;0;14;14;6;19;0;0
0;9;0;1;0;0;4;0;0;0;0;7;0;0;0;0;2;15;10;5;0;1;8;0;16;9;0;2;0;0;0;0;1;13;4;4;0;6;17;2;0;8;15;2;0;3;0;0;11;0;0;0;9;0;0;3;0;0;0;1;0;8;0;7;0;12;0;0;7;0;6;18;0;9;0;0;19;0;13;0;0;0;0;0;13;0;13;13;12;0;0;4;0;0;0;18;0;0;0;0;18;0;0;0;7;0;5;7;19;18;2;0;4;0;5;0;0;2;4;13;0;3;1;0;5;0;0;8;9;9;0;0;0;0;0;0;0;3;12;13;18;0;0;0;0;19;0;0;12;9;0;0;0;19;6;18;0;9;0;7;0;4;0;3;5;10;19;2;16;9;10;0;0;15;8;0;16;0;5;0;13;0;0;0;2;0;10;0;0;0;0;0;16;16;0;7;17;7;0;12;9
17;0;3;0;10;11;15;2;10;5;0;11;17;0;0;2;8;0;0;13;0;0;0;0;0;18;10;0;9;0;12;0;18;0;0;19;0;0;0;0;17;0;0;14;0;11;0;10;4;7;0;13;0;0;0;0;0;0;10;5;0;0;0;12;19;0;6;0;0;5;17;9;14;18;0;17;0;0;1;0;0;0;0;9;0;0;6;0;0;0;0;0;0;15;0;0;16;12;0;17;17;0;9;0;3;9;0;0;0;0;0;1;14;0;17;0;0;0;10;0;0;0;9;16;0;16;0;0;1;7;10;0;0;0;14;0;0;19;0;5;0;0;0;18;0;7;1;15;15;0;0;0;0;17;0;0;0;9;0;0;3;0;0;6;0;0;1;0;0;0;0;0;10;0;0;12;14;0;11;0;8;13;0;0;0;0;6;0;0;13;0;2;11;19;0;0;16;0;13;11;18
0;0;0;0;19;0;16;0;0;0;0;0;0;0;13;0;5;0;0;0;8;0;0;11;17;0;4;0;7;3;0;0;9;15;0;0;17;0;0;0;8;1;0;0;0;0;6;0;0;0;4;6;0;0;0;6;0;10;13;0;0;0;0;4;0;0;0;0;0;0;18;0;13;0;0;15;5;18;17;1;0;0;0;0;18;10;0;0;0;0;0;18;17;0;15;0;0;18;16;12;18;0;0;0;0;0;19;14;0;0;14;14;0;1;0;14;1;0;0;0;0;5;14;0;0;4;5;0;0;8;15;5;0;0;0;16;0;0;0;0;5;16;8;0;0;0;7;1;3;11;9;0;0;6;0;18;0;0;4;0;5;0;3;0;0;6;0;0;0;11;6;0;0;0;11;0;0;0;0;0;0;16;13;0;17;3;0;0;0;13;3;0;0;5;0;19;0;14;0;0;5
0;0;0;0;0;0;0;0;2;0;0;5;4;0;0;0;0;13;0;3;0;0;0;0;18;0;1;6;0;0;0;3;0;15;3;2;5;0;9;14;11;16;0;4;0;5;11;0;0;0;0;12;0;0;13;0;4;0;0;0;0;16;0;0;0;0;0;0;12;0;0;1;11;7;0;0;3;0;0;0;0;9;0;0;6;0;0;7;1;0;11;7;10;0;4;15;7;0;18;8;0;0;14;3;15;0;0;0;3;0;0;0;0;3;0;0;0;19;8;13;0;0;0;0;0;0;15;0;0;8;0;0;14;9;0;0;7;0;9;0;0;0;10;0;3;5;13;0;4;3;4;16;14;0;2;0;1;12;15;0;0;0;0;0;15;0;0;8;1;0;0;8;0;14;0;1;2;0;0;5;4;17;0;0;0;0;0;12;0;18;7;9;0;3;0;11;0;0;0;0;18
12;0;12;0;0;5;0;0;15;0;0;0;0;19;10;0;0;4;0;1;0;12;0;0;0;0;15;0;2;1;10;6;0;10;0;0;0;12;19;0;0;5;6;0;0;7;0;16;0;18;14;0;0;0;1;0;5;2;1;0;0;0;10;14;11;0;0;0;0;10;0;7;14;0;0;0;18;0;0;15;13;0;18;6;0;0;7;17;0;0;0;9;15;16;0;0;6;0;0;13;19;0;0;10;0;0;0;1;13;11;12;0;8;0;0;9;0;0;5;0;12;19;6;3;14;4;18;12;0;0;0;10;0;10;0;9;0;0;0;0;10;1;0;0;2;18;5;7;0;0;0;2;18;0;0;0;0;1;0;0;0;3;15;17;0;0;0;0;0;16;0;0;0;6;0;0;0;0;0;0;10;0;0;3;0;0;0;18;0;0;0;0;0;0;4;0;0;17;0;3;19
0;12;19;0;0;0;14;0;12;0;0;16;0;0;7;0;0;0;0;0;0;13;0;6;0;16;13;0;0;1;6;0;9;0;0;0;0;2;0;17;0;15;15;19;0;0;0;0;0;0;15;0;7;0;6;5;0;0;0;0;11;0;0;0;12;0;0;0;0;0;0;0;15;0;0;10;4;8;0;0;0;0;10;0;0;0;0;13;0;0;0;0;0;17;0;0;0;13;3;0;0;0;1;0;10;0;0;0;0;5;4;0;6;0;17;16;0;0;0;17;0;0;0;11;0;0;0;7;13;0;0;7;0;9;18;0;0;0;0;0;8;0;7;18;16;13;16;0;0;0;10;0;0;0;0;5;19;0;12;0;19;8;0;0;11;5;0;16;2;0;1;0;8;6;9;16;0;0;0;17;0;14;7;13;0;5;0;12;0;0;0;0;7;0;0;19;8;0;14;0;4
10;11;0;0;12;0;0;0;2;0;2;19;0;5;6;3;3;19;0;8;5;8;0;0;15;0;2;0;0;18;1;0;13;5;0;0;0;19;0;9;4;14;16;0;14;1;0;0;0;18;0;0;0;1;10;0;6;9;0;14;10;13;10;0;0;1;0;11;0;4;0;8;11;0;0;18;9;0;3;0;13;6;0;0;7;0;0;12;19;0;0;0;0;0;14;1;0;2;8;11;1;11;0;0;0;0;0;0;0;0;0;0;0;0;11;0;0;10;0;0;19;14;9;18;19;0;0;0;0;0;4;0;7;17;0;8;0;0;0;19;0;0;0;0;0;7;5;0;0;18;15;0;17;0;0;6;0;0;0;0;0;0;0;0;0;0;13;0;0;4;1;0;0;9;3;3;18;11;0;15;0;0;9;0;0;6;17;11;0;0;0;5;9;0;0;0;0;0;16;8;0
3;0;6;16;0;13;0;10;4;1;0;0;0;14;1;0;0;0;18;0;0;0;0;17;0;7;0;7;0;0;0;3;0;13;0;0;0;0;7;2;0;0;8;0;0;4;17;0;19;0;0;9;0;18;0;0;15;0;0;0;0;0;17;18;16;0;0;1;5;0;5;0;0;14;0;0;11;0;0;0;13;0;0;7;17;13;12;0;5;7;10;0;0;19;0;0;16;17;7;0;0;0;0;15;0;7;5;12;0;0;0;0;7;0;0;0;16;0;0;0;0;0;13;4;13;10;0;16;0;0;1;0;18;0;6;12;0;0;11;0;2;11;13;4;0;0;0;17;11;0;0;0;0;0;5;10;0;10;12;0;13;0;0;16;0;0;0;15;0;0;0;0;4;0;0;16;4;0;16;0;10;0;0;0;14;11;0;0;17;12;0;0;0;11;15;0;2;5;0;0;4
0;4;0;0;2;0;0;15;0;14;3;15;0;0;12;15;0;0;0;0;0;6;0;0;0;9;17;15;0;0;0;0;14;0;0;14;0;0;0;0;3;17;0;13;0;12;0;17;0;5;16;7;3;19;0;5;5;9;14;12;6;0;0;0;0;0;0;15;0;7;0;13;0;10;0;14;0;4;16;0;12;0;0;1;0;0;19;5;0;3;6;13;0;0;0;9;7;0;0;0;0;0;0;0;0;0;0;0;0;15;0;0;15;13;0;0;0;10;0;0;12;14;0;0;0;0;0;0;13;0;7;0;11;0;0;0;0;0;0;2;6;0;0;0;12;0;3;18;0;7;0;0;0;0;0;1;19;0;0;0;14;0;0;0;15;14;0;0;1;4;0;12;0;0;6;0;0;0;0;0;0;14;19;0;12;0;0;9;0;4;0;0;0;0;0;7;0;0;0;0;8
0;1;0;10;13;11;0;16;12;0;0;19;5;0;5;0;0;0;4;16;2;8;0;16;0;14;0;3;0;7;0;0;0;0;0;0;3;19;0;12;11;0;0;16;0;0;3;0;0;9;0;17;11;0;0;0;11;1;0;19;2;2;12;0;0;0;0;14;3;0;18;6;0;8;1;1;10;0;0;17;0;0;0;0;0;0;0;7;3;0;15;0;0;0;0;0;0;11;17;4;18;0;0;11;0;0;0;0;0;16;1;0;0;11;0;0;0;0;0;14;0;8;0;11;6;7;0;0;3;0;0;0;9;0;0;0;0;0;3;0;1;0;0;0;0;0;0;0;12;6;0;0;0;14;0;6;0;7;9;0;0;10;15;6;0;0;0;0;0;14;0;0;0;18;3;10;0;0;7;1;0;11;0;0;0;0;0;0;0;4;0;0;0;1;0;10;8;0;19;0;13
0;0;0;10;0;0;0;0;0;6;4;0;0;0;0;0;0;0;18;19;0;16;0;1;0;0;0;12;0;3;0;9;0;0;9;0;0;8;10;17;14;0;0;17;0;11;0;17;0;12;0;19;7;7;0;0;14;0;0;0;9;0;9;16;0;6;0;2;0;0;0;0;0;0;0;0;0;0;0;0;0;0;0;11;0;0;0;10;6;15;0;4;0;0;0;0;0;0;12;0;8;0;13;0;5;0;5;0;0;10;0;0;0;0;9;0;0;0;0;0;9;0;0;0;0;8;8;0;10;18;5;11;0;0;0;0;0;0;9;0;0;11;6;0;7;0;15;10;14;14;0;19;0;7;19;0;0;0;2;0;0;0;0;15;0;1;0;1;0;0;16;0;6;1;11;0;0;0;0;0;19;0;12;0;7;13;6;0;0;0;12;0;0;0;0;0;1;0;0;0;0
0;0;5;0;0;0;3;0;0;0;0;0;0;14;0;0;1;18;3;0;0;0;0;2;10;0;6;13;0;0;0;8;0;0;0;0;0;0;0;14;0;0;13;8;0;16;0;0;19;0;0;14;0;3;0;8;16;10;8;0;12;19;0;0;0;0;0;0;0;0;0;9;0;6;0;0;0;0;0;0;4;0;18;7;9;0;0;0;13;0;4;0;0;0;12;19;0;0;0;0;0;0;0;0;10;4;0;13;5;5;3;0;0;12;0;2;14;16;7;0;0;0;0;17;10;19;0;14;0;0;0;8;4;5;0;4;0;14;9;7;18;4;8;4;12;8;15;0;0;7;0;12;0;0;9;9;0;0;14;0;0;0;0;1;13;6;6;12;0;10;3;4;0;0;0;9;16;0;0;2;0;5;0;16;11;0;0;0;0;0;0;14;0;0;0;0;0;0;9;11;0
6;0;5;18;0;0;0;2;10;0;0;12;7;0;11;16;15;8;0;19;0;0;0;4;0;14;0;0;11;0;14;0;0;0;0;0;0;0;0;11;13;0;0;0;13;0;0;0;5;6;8;3;0;14;0;0;3;0;17;11;14;15;0;11;7;0;17;0;4;0;0;0;0;10;0;6;0;0;0;0;0;0;17;10;15;0;0;0;0;0;0;0;0;19;5;17;6;0;4;0;0;0;0;0;10;0;0;0;0;0;0;0;15;0;0;0;1;9;0;0;13;9;0;0;0;0;0;13;0;9;0;0;0;5;2;4;18;14;0;2;13;10;15;0;10;4;0;16;0;11;0;9;0;16;0;0;0;0;0;0;16;0;0;2;0;7;0;2;0;0;0;0;2;0;0;0;10;0;0;0;6;0;0;0;0;16;0;0;0;8;0;0;0;2;16;16;8;0;0;0;4
0;0;0;5;0;0;0;0;5;13;0;1;6;10;8;0;0;11;0;0;0;0;13;12;0;0;0;0;0;0;0;0;0;6;1;0;0;0;14;1;0;0;0;0;0;0;0;15;10;0;0;4;0;8;0;0;0;0;0;0;0;12;15;0;0;4;0;0;0;5;2;0;0;0;0;15;0;11;17;0;0;15;0;0;16;17;0;19;0;0;0;0;19;0;0;8;16;17;0;13;2;0;3;0;0;0;0;0;0;0;0;0;0;15;17;0;0;0;0;0;6;8;8;0;9;13;0;0;0;8;0;16;0;0;0;2;0;0;0;3;3;0;0;16;0;0;0;0;0;0;0;2;0;0;11;0;0;8;5;0;0;0;19;0;0;0;0;0;15;0;0;0;0;8;17;18;6;0;0;0;19;0;0;0;19;8;0;0;0;0;0;12;19;19;3;0;16;2;0;16;17
0;13;9;12;17;0;0;3;0;14;0;7;0;12;0;5;0;3;8;0;0;0;0;0;11;0;0;0;0;0;0;6;0;2;0;17;2;16;1;12;0;0;0;18;16;8;4;0;0;0;7;0;15;0;0;0;0;18;1;0;0;0;0;6;0;4;13;1;0;0;7;5;0;11;0;0;0;0;0;0;0;0;15;4;0;0;14;0;0;0;0;12;5;0;0;0;7;0;0;0;0;0;0;16;9;19;16;0;0;0;0;0;0;0;0;5;0;14;6;9;0;9;19;0;0;0;0;6;11;8;0;6;0;0;2;0;0;0;0;0;0;0;0;0;0;0;0;9;0;0;5;16;0;0;0;0;2;0;8;0;0;10;0;14;0;14;12;0;0;3;0;2;3;0;14;0;0;12;16;7;1;0;15;0;11;0;3;11;12;2;0;7;13;2;0;0;0;0;0;0;0
0;0;14;0;12;0;0;0;0;0;0;0;0;7;0;14;0;0;0;0;0;0;0;0;9;9;0;0;4;0;18;0;16;0;18;0;10;4;3;0;0;18;0;0;0;19;0;0;11;18;0;10;0;0;0;0;14;0;0;0;0;17;0;0;6;0;0;19;0;0;7;16;0;17;15;0;0;0;10;0;18;0;0;15;0;0;1;0;9;0;0;19;17;8;0;0;0;4;15;0;1;1;0;0;0;5;1;0;0;0;0;14;0;0;0;6;0;18;8;18;0;0;0;7;0;0;0;15;0;8;11;0;2;13;16;0;13;0;10;18;0;17;5;0;0;0;0;0;0;0;15;0;0;0;1;4;0;4;0;0;0;0;0;0;0;0;0;0;1;0;5;12;0;0;11;0;19;0;0;0;10;0;0;14;0;15;15;0;0;18;3;10;0;0;0;5;0;11;8;0;13
0;14;1;0;4;5;0;0;4;3;0;0;0;12;0;0;19;0;0;0;18;0;0;0;0;0;14;10;0;15;0;15;0;0;9;14;0;0;18;0;0;0;6;0;0;0;19;0;0;0;0;18;13;0;15;0;14;5;8;7;8;6;19;15;0;0;8;0;0;9;5;18;0;0;17;1;0;6;0;2;0;16;0;7;6;0;0;16;7;0;0;0;6;16;7;0;0;0;0;13;12;6;16;1;11;2;17;0;0;14;0;3;17;0;11;0;16;6;0;12;12;0;5;0;0;0;0;0;5;0;0;0;8;8;0;0;19;0;16;0;0;0;13;0;16;14;3;17;0;13;4;0;12;1;16;0;14;0;0;0;7;17;0;8;1;0;0;1;19;0;3;19;0;6;0;0;0;0;14;3;0;17;11;0;0;0;0;0;0;19;0;8;15;0;0;0;0;16;4;0;0
11;0;18;2;9;0;0;0;0;5;4;4;11;4;0;9;0;0;0;0;0;18;4;0;0;0;0;0;0;1;0;1;0;0;17;17;2;13;17;12;0;0;9;8;4;0;0;0;0;0;0;0;2;13;14;11;16;0;5;13;15;0;0;1;0;0;0;5;0;0;0;17;17;15;0;0;0;0;0;6;0;12;18;0;0;13;2;17;0;11;0;0;0;17;0;4;0;0;1;0;13;0;0;2;0;0;19;18;0;14;16;0;13;0;0;11;9;0;11;12;0;18;16;0;0;0;17;0;0;1;0;11;15;2;0;0;13;0;18;18;1;12;0;0;2;3;10;0;13;11;1;0;0;13;0;11;0;0;2;16;0;0;0;0;8;6;0;17;0;0;0;10;1;0;18;14;7;5;2;0;0;0;9;0;0;0;17;0;0;0;8;18;0;3;6;16;0;15;0;18;0
0;12;0;0;0;13;13;0;18;0;0;12;12;15;0;0;0;0;0;14;0;0;0;0;0;0;0;0;0;0;0;2;0;6;0;0;0;5;0;0;0;0;1;0;0;16;0;16;8;0;13;0;17;0;15;1;0;12;0;0;0;0;5;2;0;0;0;8;0;0;0;0;7;0;0;0;0;0;15;0;0;0;16;18;0;3;8;7;0;17;12;0;4;0;0;15;0;1;0;14;19;7;18;0;0;8;6;0;7;0;0;0;1;0;0;16;3;0;17;0;0;0;0;0;0;6;9;0;0;0;0;0;7;0;12;0;0;1;17;1;1;0;0;6;19;13;0;7;8;0;0;16;0;0;0;0;0;0;0;0;16;0;2;12;0;17;0;10;17;7;0;0;0;14;13;1;0;16;1;0;15;14;0;0;6;0;0;17;0;13;0;0;0;11;1;5;0;0;0;1;0
0;6;16;0;0;0;7;0;0;0;0;0;0;0;0;0;0;0;0;0;0;0;0;13;19;12;0;0;0;0;16;0;0;0;17;0;0;0;0;15;16;8;0;0;0;0;0;0;0;0;5;0;0;15;0;0;10;18;11;5;6;10;6;0;5;14;0;9;0;11;0;0;0;0;0;0;8;0;0;0;0;17;12;8;13;0;11;0;0;4;0;0;0;13;0;0;13;0;14;0;11;18;0;17;0;0;0;18;19;0;0;0;10;0;0;6;0;6;0;11;0;0;0;2;0;0;4;0;18;2;0;0;19;0;0;0;0;8;8;0;0;4;0;0;14;13;1;0;17;0;0;0;14;0;4;11;0;1;0;0;13;8;14;7;0;0;15;6;0;0;7;0;14;0;0;11;16;0;7;0;0;0;0;0;15;19;6;18;0;0;0;0;0;0;0;0;0;5;12;11;0
4;0;7;0;12;0;0;10;0;14;0;0;2;10;5;0;0;19;0;0;18;0;0;0;0;0;0;0;5;0;0;9;0;1;0;0;9;0;18;7;0;11;0;0;0;4;12;0;0;0;17;12;12;0;0;16;0;0;0;0;13;18;10;11;0;10;0;0;0;9;0;0;11;8;0;9;1;19;16;0;18;17;18;0;19;0;1;0;0;18;8;0;0;2;0;1;12;13;19;11;0;0;0;0;0;0;1;14;0;0;0;0;0;11;18;17;14;5;0;0;0;0;17;0;0;0;0;0;0;0;8;9;0;0;0;0;0;0;0;0;2;6;15;0;9;0;0;1;0;5;4;0;5;0;0;19;7;2;0;0;0;0;0;0;0;0;0;12;0;0;10;0;11;17;0;12;1;14;8;19;0;13;9;0;8;0;0;16;0;0;0;0;14;0;14;14;0;0;0;7;0
5;0;18;0;0;0;0;0;17;0;11;0;18;0;0;0;0;0;0;0;0;0;0;4;0;0;0;0;13;3;0;0;0;1;7;0;11;0;0;0;0;15;4;0;2;0;12;17;0;0;6;8;0;0;0;0;8;6;3;0;0;12;6;5;0;15;14;0;0;6;0;0;16;3;16;0;0;7;3;0;0;0;0;0;0;0;11;0;0;0;0;0;0;0;0;1;6;0;7;18;0;0;2;2;10;1;0;13;8;18;6;0;0;0;12;0;0;14;0;0;4;0;0;0;0;16;15;0;0;0;13;5;2;0;1;13;0;0;0;6;0;0;14;0;0;0;0;14;0;0;8;0;9;10;18;19;5;17;0;0;0;19;4;14;18;0;0;0;0;9;0;19;0;0;9;0;5;8;0;0;0;0;7;5;0;0;0;0;0;0;0;8;0;6;7;0;0;3;5;0;0
19;0;0;7;0;0;0;15;17;0;0;0;0;0;1;0;0;0;4;0;0;18;3;13;16;0;0;0;16;0;0;0;0;0;0;0;12;0;0;19;0;2;0;12;3;12;0;0;6;0;0;2;0;0;4;0;0;16;0;1;0;0;0;0;14;0;0;4;14;0;0;4;8;4;0;2;0;0;0;17;0;9;0;14;0;1;0;0;0;0;13;0;0;3;0;0;16;0;18;0;0;2;0;4;19;0;1;0;14;1;0;5;0;0;0;0;0;16;8;13;10;17;0;1;0;0;0;0;9;0;0;0;13;8;12;0;0;0;0;16;0;0;0;5;0;13;3;6;3;12;1;2;0;0;0;11;0;17;0;6;0;0;18;8;0;0;0;3;12;13;0;0;5;0;9;0;17;0;7;0;0;0;0;0;0;0;0;0;0;0;17;11;4;0;8;0;0;0;17;0;16
0;14;16;0;0;0;0;14;0;0;14;0;6;0;12;2;14;0;4;10;7;0;0;0;3;5;16;11;0;15;1;0;0;0;7;0;0;0;16;9;0;15;6;0;0;0;0;2;9;0;0;0;11;0;0;0;0;0;18;0;0;10;0;0;14;0;9;0;11;0;6;0;0;13;9;0;0;0;0;0;0;0;0;3;10;0;0;15;0;11;0;0;0;0;16;0;1;2;0;17;0;2;4;0;0;3;0;0;6;13;0;0;0;17;0;0;11;0;0;0;0;2;14;0;5;13;11;4;19;9;9;2;0;0;10;0;0;0;18;9;12;1;0;0;0;0;16;0;0;1;0;17;0;0;0;3;0;0;17;0;1;9;0;0;0;0;0;0;12;0;0;0;16;0;0;0;0;0;0;17;15;19;19;0;3;8;2;0;0;0;0;0;0;0;15;18;0;18;0;0;0
14;0;10;15;4;0;0;12;10;10;0;0;0;9;10;0;0;18;8;4;10;0;4;0;0;1;0;0;0;0;0;0;0;0;2;0;6;0;0;8;0;0;19;0;2;0;13;0;12;0;0;0;7;17;0;19;0;3;0;0;0;0;1;0;0;0;0;0;0;0;0;0;0;6;3;0;16;14;0;16;7;3;0;15;0;10;0;0;0;0;5;10;10;0;9;0;11;0;0;0;0;10;19;0;0;0;0;0;10;0;0;5;0;14;0;12;0;4;19;0;0;4;0;0;8;18;5;0;19;0;0;0;0;0;4;0;0;1;6;0;0;0;15;11;6;0;0;0;0;13;0;0;0;0;7;0;0;5;0;2;0;0;0;0;0;0;2;15;0;3;5;0;0;0;7;0;0;0;0;7;18;0;0;19;6;0;0;0;0;13;13;0;0;0;0;0;6;11;7;14;0
0;10;0;0;0;0;0;0;14;13;0;0;0;0;8;0;0;9;0;6;5;0;0;7;3;0;0;0;15;0;5;0;0;0;10;0;11;0;5;0;19;12;0;0;5;16;8;0;3;15;0;0;19;0;13;11;0;10;19;18;19;0;0;0;0;0;9;12;0;0;15;15;14;3;0;18;0;0;19;0;0;9;0;0;0;0;0;7;0;0;0;4;0;0;19;5;2;0;8;0;0;1;0;3;0;0;0;1;0;0;1;8;0;16;17;0;7;0;0;17;0;0;0;6;0;0;0;0;0;0;0;15;0;13;0;0;0;0;0;0;9;0;0;7;0;0;12;10;0;2;17;11;0;0;8;12;0;5;3;11;16;0;0;8;0;0;0;8;17;0;0;0;12;0;2;11;0;0;5;12;3;19;0;0;0;0;0;0;0;0;0;8;10;1;0;0;0;7;14;7;19
0;0;19;17;0;5;15;0;2;7;0;17;0;0;0;0;3;0;0;1;0;0;0;11;0;0;5;0;9;0;0;2;4;18;0;0;0;5;2;5;8;1;0;0;0;11;0;2;0;0;0;8;0;0;0;2;0;0;12;0;0;11;0;17;0;0;10;0;0;14;9;0;0;0;9;0;0;0;0;0;5;0;19;0;0;0;0;5;0;0;5;0;0;0;16;1;17;19;6;0;1;0;1;0;0;0;0;0;0;0;0;0;0;0;0;0;0;16;0;0;0;0;0;0;10;0;5;0;3;0;0;0;3;0;0;0;0;0;0;0;1;11;0;0;0;0;0;0;0;0;0;9;0;0;16;0;0;0;0;0;0;0;0;9;0;0;0;0;0;0;0;12;0;2;0;0;0;14;0;0;0;0;0;8;0;16;0;7;4;0;0;0;5;0;0;0;13;12;15;17;0
16;17;6;0;0;0;14;0;0;10;17;10;8;4;16;11;2;6;4;0;0;17;1;0;0;0;0;0;11;0;8;0;17;4;0;0;0;8;19;11;0;19;0;19;12;0;6;0;10;15;0;5;1;0;0;0;7;0;0;17;0;0;13;0;19;0;0;1;0;0;0;10;0;0;0;0;19;5;0;7;7;0;14;0;1;0;0;12;0;0;0;13;0;0;0;0;0;18;0;18;14;13;0;0;0;1;0;0;2;0;9;0;0;19;0;5;4;0;0;0;0;2;0;0;6;0;11;2;0;0;0;1;0;0;0;0;0;0;0;0;0;0;0;0;11;0;9;0;18;10;4;4;0;0;0;0;0;0;0;0;11;8;0;0;18;0;0;0;16;0;0;0;1;0;4;0;0;6;2;0;3;0;0;0;19;0;9;0;0;8;0;0;5;6;0;0;0;5;0;0;0
0;0;0;0;0;18;0;8;0;0;0;0;0;18;0;17;18;0;0;0;0;0;0;2;10;8;0;0;0;8;0;0;15;0;0;0;7;0;18;3;6;3;0;10;0;9;0;0;0;0;0;8;12;0;9;8;0;0;0;0;0;0;18;11;0;14;0;5;0;11;0;0;0;0;0;10;5;0;0;0;19;0;0;3;13;0;0;0;0;0;0;5;0;0;0;0;0;0;7;19;0;8;14;6;10;0;0;2;0;13;0;0;1;18;0;0;0;15;0;0;0;12;0;0;0;7;4;4;0;0;0;10;0;0;0;0;19;12;0;0;17;17;5;10;0;0;0;0;0;16;0;0;0;0;2;0;0;0;0;0;0;1;0;0;17;15;3;0;0;0;19;0;0;16;6;0;0;18;14;13;18;0;0;2;0;16;0;0;1;0;0;0;5;17;0;17;0;0;16;0;0
0;6;18;6;0;1;0;0;0;0;0;0;0;0;7;0;2;10;0;0;0;5;0;0;2;0;0;12;9;14;0;1;0;5;1;0;0;7;1;7;0;0;0;16;1;0;0;0;0;16;0;13;0;0;5;0;0;0;0;0;0;11;0;11;0;10;0;4;0;15;13;6;0;14;0;0;0;0;0;0;18;0;0;0;11;5;0;0;15;16;10;5;0;0;0;0;14;14;0;0;0;18;1;13;0;0;0;0;13;0;12;1;6;0;10;0;0;17;14;16;0;0;0;17;0;0;0;10;7;0;0;0;0;0;0;6;0;19;3;16;3;13;13;0;8;13;7;0;0;0;0;0;0;0;14;0;0;3;3;12;0;0;0;0;2;4;0;0;0;7;6;0;5;0;0;2;18;11;16;0;16;0;0;17;13;0;0;0;11;0;0;0;0;7;0;0;14;0;1;16;16
0;0;0;3;0;5;0;0;19;0;0;0;3;13;1;0;0;16;1;0;0;16;0;0;18;3;12;0;0;19;8;4;0;0;7;1;0;0;0;5;0;0;0;14;16;0;0;0;0;19;10;17;12;0;19;0;0;0;17;15;0;2;4;0;0;15;0;0;14;16;8;0;5;0;0;0;0;0;0;6;2;0;14;0;12;4;0;0;0;1;0;3;0;0;0;0;0;16;0;0;0;6;0;0;0;1;0;9;0;12;0;0;1;0;1;0;10;0;0;0;9;0;9;0;0;0;15;6;0;0;4;0;0;1;13;18;5;0;0;0;0;0;14;0;10;0;0;8;14;0;11;0;0;0;1;1;9;0;0;0;0;15;7;0;0;0;0;0;0;0;14;8;0;0;0;0;0;0;0;16;11;0;11;0;0;0;0;0;0;0;0;0;15;0;2;0;0;0;0;0;0
0;17;16;0;0;16;0;0;0;0;0;10;18;0;0;8;0;0;0;0;17;10;0;0;0;0;0;4;0;14;2;0;4;0;11;0;0;0;0;0;10;16;1;15;0;19;0;0;0;0;6;10;0;0;0;0;16;1;0;2;0;0;8;0;0;0;6;0;16;6;0;0;8;0;0;18;0;3;3;19;0;1;14;0;0;0;0;0;0;0;0;0;0;0;0;14;3;0;0;0;0;0;5;0;5;8;0;0;0;1;0;0;0;6;0;3;0;0;1;13;16;5;10;10;0;0;0;11;0;0;8;0;18;0;0;6;0;0;0;0;0;0;11;0;13;0;0;6;0;0;0;4;0;17;0;8;15;0;9;4;0;0;5;5;0;0;0;0;0;4;2;10;0;7;9;0;10;0;0;0;8;10;0;16;10;0;0;0;8;7;8;14;6;6;0;0;14;0;0;14;2
12;0;0;9;10;0;12;1;0;0;1;0;10;0;0;19;0;7;18;14;6;0;19;12;0;0;0;19;0;7;0;0;0;0;12;0;11;0;0;1;0;15;0;6;0;13;0;0;17;19;0;0;12;0;1;0;19;9;10;10;0;0;0;14;9;8;0;0;0;0;15;0;8;0;0;0;19;11;0;19;4;14;0;0;8;6;0;7;15;0;0;0;15;0;0;0;17;13;1;10;0;0;0;0;0;0;0;0;1;6;1;0;0;14;0;0;0;0;0;0;0;9;0;0;0;0;0;0;0;0;3;9;0;0;8;7;1;0;15;0;0;12;0;0;0;0;8;0;18;15;0;0;0;0;0;0;3;1;0;0;0;11;19;0;0;16;17;0;17;14;0;0;0;0;0;0;0;0;0;8;0;5;0;0;6;0;11;2;17;3;4;6;0;0;12;0;0;0;15;0;18
0;13;0;1;0;3;0;15;10;0;0;0;0;0;0;10;10;17;0;8;0;0;0;0;0;0;0;0;0;0;0;0;0;11;1;3;16;2;0;0;0;0;0;0;0;0;0;0;0;0;0;1;0;9;10;0;0;2;0;0;13;0;3;15;0;0;14;0;10;0;0;0;0;0;0;0;0;5;1;0;0;0;1;3;0;0;0;0;13;11;0;12;0;15;0;0;0;0;0;0;11;0;0;17;14;16;0;19;18;0;0;6;14;0;0;6;17;0;0;0;5;0;0;0;17;3;7;0;0;0;14;0;0;0;0;0;0;17;0;11;19;0;0;0;0;11;0;0;13;19;0;17;0;6;0;9;0;0;0;0;0;3;0;11;0;0;0;18;1;0;4;6;14;0;0;0;0;0;0;0;0;12;0;9;11;0;0;0;12;0;3;0;0;19;8;0;15;0;0;0;0
4;5;0;9;5;1;0;0;0;14;1;8;0;0;0;0;0;4;13;7;12;0;0;2;13;0;0;11;0;18;18;18;0;14;7;19;0;0;17;0;10;0;1;0;1;0;0;0;0;7;0;0;0;9;13;14;11;0;0;0;6;11;9;0;1;0;8;0;0;2;15;0;0;0;0;0;10;14;0;16;5;17;0;0;0;17;11;0;0;0;9;0;0;17;0;0;11;0;0;0;18;12;0;0;0;17;0;0;0;10;1;0;0;0;0;0;19;0;2;0;0;1;0;0;0;0;15;0;0;0;14;0;0;18;0;14;11;0;15;0;13;1;0;6;16;11;7;0;1;11;6;0;8;0;0;0;9;0;0;10;0;16;9;0;7;16;0;12;4;0;0;0;0;16;0;0;0;0;0;3;0;0;17;0;0;10;10;0;0;0;0;16;0;14;0;17;0;0;10;0;6
16;0;17;0;6;16;0;0;2;0;0;8;0;13;11;1;0;0;7;0;19;2;4;12;7;0;2;3;11;5;17;16;0;2;0;0;0;0;2;18;0;0;0;11;0;0;10;0;4;10;9;0;2;12;0;0;0;3;0;0;18;0;0;7;0;0;0;0;0;15;0;0;18;11;12;3;0;0;11;17;0;0;14;0;9;16;0;0;0;0;0;2;0;0;5;6;0;11;16;6;17;0;0;0;12;0;0;5;0;0;0;3;0;6;0;0;5;3;11;0;5;0;0;6;0;5;0;0;0;0;0;19;0;10;0;0;0;6;6;14;4;0;0;0;0;6;6;0;5;13;1;5;0;10;16;0;7;0;18;19;10;0;0;0;0;0;0;2;0;1;19;0;5;17;0;0;0;0;7;0;0;5;2;0;0;0;0;0;0;0;0;0;0;14;0;4;0;0;14;0;0
0;19;4;0;0;15;18;0;0;0;0;0;7;0;0;0;4;0;0;0;17;0;0;1;0;7;12;13;0;17;0;0;0;2;6;12;0;3;0;0;0;16;0;7;9;0;15;16;0;0;0;0;19;18;0;0;2;0;11;0;0;0;0;7;12;0;3;14;16;0;0;0;1;0;0;0;0;0;1;2;0;0;1;0;0;0;0;16;0;0;0;14;1;0;0;0;16;9;3;0;14;0;0;11;0;7;0;4;0;0;10;0;0;17;19;5;0;0;0;5;0;0;13;0;0;0;0;0;15;0;0;0;0;6;0;0;0;0;7;0;0;0;0;9;15;11;0;0;0;16;0;2;0;0;0;0;0;0;0;0;0;0;1;0;2;5;0;12;12;0;0;0;6;0;0;10;0;18;0;18;0;0;0;0;0;0;0;0;0;1;0;0;0;0;0;1;3;2;10;0;9
0;0;0;17;0;0;0;0;11;11;2;3;0;0;10;0;14;8;0;18;0;6;0;0;10;0;0;0;11;15;0;0;11;0;0;0;12;0;2;0;0;12;6;0;3;0;0;0;0;0;10;15;0;0;0;0;0;16;8;0;0;0;19;0;0;0;0;11;0;0;0;0;15;6;14;0;0;19;15;5;2;0;0;19;0;0;10;0;10;0;0;16;9;0;14;18;6;0;0;6;5;14;16;0;4;0;16;0;15;17;0;0;0;0;0;3;0;0;3;12;0;0;0;0;0;0;0;18;6;0;3;12;0;10;12;0;6;17;7;6;0;0;11;0;0;0;0;0;0;0;19;2;0;0;0;13;13;0;0;8;6;0;0;13;0;0;0;6;15;0;0;0;8;0;12;0;0;0;19;7;0;2;0;0;8;0;0;0;1;0;0;5;0;0;3;0;16;0;0;0;0
0;0;0;0;0;0;0;0;0;3;0;0;0;0;6;1;0;4;0;0;0;4;0;0;0;14;0;9;0;0;0;13;11;12;0;0;13;11;5;6;0;4;11;9;7;0;0;12;17;0;15;18;0;0;18;0;16;6;0;0;18;14;2;0;0;0;0;0;19;0;0;5;0;0;0;0;10;0;0;6;4;10;0;8;5;0;0;0;0;0;0;7;0;0;6;8;0;11;17;0;0;0;8;0;19;0;0;0;0;14;0;1;0;0;2;11;0;3;0;10;0;0;0;0;5;0;0;0;0;9;19;0;0;18;0;0;15;0;0;0;0;2;19;3;0;0;12;0;14;9;0;0;0;3;2;15;11;13;0;5;0;14;4;3;0;0;0;0;0;0;0;17;16;6;0;0;6;12;0;0;18;0;0;8;0;0;0;0;1;3;18;0;15;0;10;0;4;0;0;0;0
8;15;0;16;19;0;1;0;13;0;9;0;0;0;0;0;2;0;0;0;0;0;0;0;1;0;0;4;7;0;7;16;0;0;6;0;10;13;0;0;0;9;0;14;0;0;0;16;14;19;0;0;0;14;0;0;0;6;0;16;6;2;0;0;0;11;11;0;0;0;11;0;0;2;1;0;0;5;0;0;13;0;0;13;0;17;0;0;0;14;0;0;0;0;9;18;12;12;0;11;0;0;13;0;0;17;0;0;0;16;0;13;0;0;0;0;5;12;10;0;8;14;0;0;0;5;7;3;16;0;0;0;2;5;0;0;0;0;13;13;0;0;0;1;0;0;13;0;0;0;0;0;0;0;17;0;0;8;3;14;9;11;0;0;0;0;0;5;0;4;19;0;0;0;0;0;0;0;5;0;2;0;3;0;2;4;0;13;0;6;7;6;0;15;14;0;0;0;0;0;0
2;0;0;8;0;0;15;6;6;0;14;2;3;0;0;7;0;0;0;0;0;0;0;0;0;0;0;0;0;0;17;0;18;0;2;0;0;0;0;16;17;0;19;11;0;7;16;0;19;14;17;18;0;4;7;0;19;0;0;0;1;8;0;0;0;17;0;0;0;0;3;9;0;0;2;0;0;9;0;10;0;0;0;0;12;0;19;0;12;0;9;0;13;6;0;0;12;0;0;0;0;4;10;0;0;0;0;0;0;0;9;16;0;5;0;5;0;0;0;8;0;16;19;0;0;2;1;3;0;3;0;0;0;0;0;5;0;8;11;0;0;11;0;14;6;0;0;0;14;0;0;0;0;8;0;19;11;0;0;0;12;0;0;0;0;0;0;18;16;0;17;0;19;11;0;2;0;3;12;0;0;9;18;0;0;0;7;0;12;0;14;10;0;0;14;16;9;0;11;13;0
0;10;2;0;0;0;0;0;2;0;2;2;0;0;0;0;0;0;8;16;0;16;0;0;0;18;0;2;0;0;0;0;17;11;0;0;0;0;0;17;0;0;0;0;0;0;0;1;0;7;0;19;0;3;0;10;0;0;1;18;0;0;1;0;0;0;0;0;0;0;12;0;3;0;0;1;16;4;0;0;3;0;5;0;19;0;14;0;14;8;0;0;9;8;9;0;0;18;0;0;0;0;17;2;4;0;0;2;12;0;0;5;9;0;1;0;0;0;0;14;16;0;0;6;18;0;0;0;0;0;18;0;12;0;0;0;0;18;2;0;7;0;17;0;0;0;0;0;15;4;7;4;0;0;0;0;19;13;12;0;0;8;17;0;19;14;6;0;10;13;0;15;0;9;9;18;0;6;8;0;17;15;6;0;17;0;0;0;0;0;0;6;4;0;0;0;0;16;0;0;10
0;13;0;0;0;5;11;0;2;15;10;0;9;0;0;0;4;15;17;0;12;12;0;0;0;19;0;0;1;2;0;0;0;0;0;0;0;0;13;0;14;0;18;0;0;2;0;0;0;0;0;0;11;0;16;0;1;18;0;0;3;0;0;0;0;0;0;0;14;0;0;0;0;12;0;0;3;0;0;0;1;9;14;0;6;0;9;13;0;0;0;0;0;8;19;0;5;16;0;0;17;0;0;14;0;0;0;0;0;0;9;10;0;0;0;0;13;0;0;0;19;0;0;14;0;0;19;0;17;0;0;0;0;0;0;0;0;18;0;0;0;19;13;0;0;0;0;6;0;0;9;18;0;0;0;9;9;0;5;0;0;0;7;0;8;18;1;12;0;15;19;0;0;0;19;0;14;5;19;0;7;0;0;0;12;4;0;19;15;0;0;0;3;0;6;1;0;0;12;0;0
0;0;0;1;0;12;15;17;0;0;0;0;15;2;0;15;0;18;0;0;12;0;0;10;13;13;0;4;19;0;0;18;0;0;6;0;0;0;0;0;0;0;0;0;0;0;0;9;3;0;14;0;2;0;0;0;11;16;9;0;16;18;0;0;0;19;7;0;9;16;2;19;0;9;13;0;0;0;19;13;0;16;0;0;3;11;18;4;0;11;0;17;0;0;0;7;0;0;0;2;0;0;1;0;0;6;0;0;0;17;0;10;0;0;0;6;0;0;0;0;0;6;14;0;0;0;0;14;8;0;9;0;8;15;0;13;0;0;0;13;8;3;0;0;0;0;0;0;0;15;12;0;10;0;0;0;0;0;0;1;0;17;0;0;15;0;0;1;0;12;1;11;7;0;0;0;0;0;0;9;0;0;14;7;3;0;0;0;0;1;18;16;0;0;3;0;9;0;9;19;3
0;0;0;0;0;18;8;0;0;0;10;0;0;0;11;13;1;0;0;0;14;0;0;18;11;0;12;0;17;4;0;7;13;0;4;8;7;3;1;0;18;0;0;0;5;13;8;1;0;0;16;0;0;0;3;0;0;0;5;18;0;19;7;0;11;0;0;10;17;0;0;0;0;4;0;17;6;0;0;0;5;0;0;0;14;0;19;13;0;6;0;10;0;9;0;0;0;0;0;0;0;0;0;5;8;0;10;6;0;0;0;0;0;17;0;0;0;0;5;0;0;18;0;0;0;7;0;0;0;17;0;0;0;0;16;1;0;11;0;8;0;17;0;3;0;16;0;0;15;0;0;0;0;0;0;13;0;0;0;15;0;19;6;11;5;0;6;0;0;18;2;2;4;14;0;0;0;7;18;5;6;0;17;7;0;6;11;0;0;6;0;0;0;0;0;8;19;0;15;0;0
0;0;5;9;0;0;0;0;0;2;0;0;0;0;10;8;0;17;0;13;0;0;2;0;0;9;0;14;0;0;19;0;0;0;15;0;2;0;0;0;19;0;18;11;0;0;0;4;0;12;13;0;13;0;0;13;5;18;8;0;0;0;7;0;0;0;1;0;11;0;16;0;0;8;10;0;0;0;0;0;0;16;4;0;4;0;0;10;0;7;8;19;0;13;0;0;0;0;6;0;0;16;0;13;18;0;0;0;7;0;0;0;0;3;0;5;0;0;0;5;2;0;0;0;7;0;0;0;0;13;17;5;1;0;0;10;1;0;0;4;0;3;0;0;0;18;3;0;0;9;0;5;17;0;0;3;7;0;7;16;0;0;0;17;0;4;11;0;2;0;2;17;0;7;0;0;18;11;0;0;0;5;0;0;0;0;0;19;0;0;0;0;15;13;0;0;0;0;0;0;0
9;11;10;0;0;0;9;8;4;15;9;17;0;0;0;7;0;0;4;0;0;11;7;10;0;0;2;0;0;13;15;4;0;0;0;0;19;4;0;0;0;4;0;0;0;0;0;4;0;18;0;0;0;0;0;5;0;0;0;5;15;1;0;0;9;11;12;0;15;9;0;0;0;0;5;0;0;0;0;15;0;0;5;15;18;0;0;0;0;0;8;0;0;0;0;0;0;17;9;4;0;15;0;11;5;0;5;11;4;0;15;0;0;7;15;0;0;0;0;7;1;0;19;0;0;0;0;0;0;1;1;0;0;0;0;0;17;0;3;0;0;0;0;0;0;16;0;3;0;8;0;0;0;18;18;0;2;0;0;2;0;0;0;17;0;0;0;5;1;0;18;0;7;0;0;0;0;2;0;18;6;8;17;0;0;7;0;12;6;0;0;0;5;0;0;0;10;3;0;0;0
0;0;0;2;0;0;0;19;18;0;0;15;0;0;0;10;0;0;0;0;18;13;0;7;0;0;0;7;17;0;18;0;0;0;1;7;2;0;9;0;0;1;18;18;0;0;1;0;4;19;11;0;0;0;0;0;10;0;0;0;0;0;14;0;0;4;0;0;0;8;0;7;10;0;0;5;8;3;8;0;8;0;0;0;12;7;0;16;0;0;0;14;13;0;6;15;0;0;0;0;0;0;0;4;0;0;0;2;4;10;6;11;0;0;0;0;0;18;0;3;3;0;0;14;0;0;0;0;9;0;0;0;0;0;0;0;13;0;11;14;0;0;0;0;15;1;0;0;0;6;19;1;0;0;0;0;14;6;0;0;0;0;11;0;0;0;0;2;18;0;0;0;18;0;0;0;0;0;18;0;0;0;0;13;0;0;0;0;0;0;0;0;17;7;0;0;0;0;0;0;0
0;7;0;16;0;0;0;0;0;16;0;0;0;0;0;0;9;0;2;5;0;0;0;0;7;0;0;3;17;0;0;0;0;0;0;0;14;16;2;0;0;0;0;0;9;0;16;18;0;19;13;0;0;3;0;16;0;18;9;13;0;0;0;0;5;0;4;0;0;0;2;0;17;7;0;0;0;0;17;0;9;1;0;0;0;13;0;0;13;3;10;0;0;0;11;0;5;0;0;18;0;0;9;19;19;0;3;0;0;7;0;0;0;0;0;0;15;6;0;16;0;0;17;8;0;0;0;9;0;7;0;12;0;0;16;0;0;0;0;0;10;0;0;0;4;0;0;0;12;18;19;5;0;19;0;0;0;0;2;19;4;0;0;0;5;0;12;0;0;0;10;0;14;0;1;0;15;13;3;0;0;0;0;0;0;0;15;0;0;0;0;0;11;2;0;0;0;18;0;18;18
6;0;0;0;0;0;5;3;0;0;4;0;0;4;2;0;12;0;0;9;0;0;14;0;4;6;0;5;0;8;0;0;19;0;0;0;0;0;0;0;0;0;3;0;0;1;0;4;9;12;0;0;0;18;0;18;0;0;0;0;0;9;0;0;0;0;0;16;0;17;10;4;0;0;7;0;0;0;0;0;9;7;8;8;0;0;0;0;0;0;18;0;9;8;8;8;0;1;0;2;0;0;0;9;0;0;0;0;0;0;0;0;0;0;0;0;0;0;9;0;3;0;0;0;17;13;1;0;7;0;0;0;13;0;0;4;0;0;18;0;10;0;0;0;0;10;0;0;0;0;7;0;0;4;1;0;0;16;1;0;0;17;0;0;0;0;0;0;2;17;0;13;0;0;0;0;0;0;17;0;7;0;7;16;7;0;0;0;0;5;0;10;0;16;13;0;7;11;4;9;12
0;0;6;16;0;0;0;2;0;2;0;11;7;0;0;16;0;0;11;0;0;11;0;0;18;14;0;0;0;0;4;13;18;0;18;0;0;0;18;15;0;0;19;19;0;0;6;0;0;5;10;16;0;0;0;7;0;0;3;0;0;7;18;0;0;18;0;0;1;0;0;0;0;18;0;0;0;0;0;13;0;10;15;0;0;0;4;1;7;0;5;0;0;0;0;11;0;0;0;0;8;13;0;9;0;0;0;0;0;0;4;8;3;14;14;0;0;3;19;0;0;18;0;9;0;17;1;0;0;0;0;0;0;1;12;18;1;0;0;15;5;1;0;12;17;4;9;0;0;0;0;19;0;11;0;13;8;0;0;12;9;0;0;0;6;0;11;2;0;0;0;0;0;14;0;0;0;0;0;0;0;0;15;17;13;0;0;0;18;17;0;13;0;0;13;0;0;0;12;10;14
0;0;0;0;0;0;0;0;16;0;0;4;0;12;0;1;0;0;0;8;0;0;0;0;0;0;0;1;0;12;0;2;0;0;0;15;0;3;0;7;0;10;6;6;0;7;0;19;0;6;19;2;0;5;1;0;0;11;1;0;10;1;0;0;0;18;0;10;14;10;2;12;5;15;0;18;0;1;0;18;0;0;5;0;10;7;0;0;0;0;11;8;0;16;6;0;0;11;0;0;9;5;0;2;0;15;0;1;10;0;0;0;9;0;0;19;0;12;0;0;0;0;0;0;0;5;0;0;12;0;0;0;0;17;13;11;16;9;0;7;0;15;0;9;0;17;0;0;0;0;0;7;0;0;0;18;0;0;17;0;0;11;18;0;0;0;0;19;0;0;0;0;0;14;15;0;0;15;18;6;10;0;14;0;0;17;3;0;0;0;7;15;15;3;18;0;2;0;0;0;1
0;14;0;5;14;0;0;0;15;0;18;0;0;0;0;0;0;11;0;10;9;0;0;0;9;0;0;0;0;0;0;13;11;0;0;0;0;0;0;7;5;0;0;0;18;7;0;0;12;12;9;0;11;0;0;0;0;12;0;0;0;15;10;0;8;0;0;4;0;0;1;12;0;0;0;9;0;19;0;19;0;0;0;14;0;0;7;18;11;9;0;4;0;0;0;2;8;15;7;19;0;2;13;0;0;0;3;0;0;0;0;18;0;0;0;0;0;0;0;2;0;12;0;8;0;1;0;0;0;13;0;0;0;0;0;0;15;0;0;0;0;0;0;0;0;18;0;6;18;18;18;4;16;3;0;0;2;0;19;0;1;0;0;0;0;6;15;8;7;0;0;0;0;0;6;17;0;0;0;8;13;0;1;7;16;0;16;3;6;8;0;17;1;0;0;0;0;16;7;0;6
0;0;18;5;18;9;1;0;0;15;0;17;0;0;0;16;0;0;3;0;13;0;0;0;6;0;0;0;0;0;0;0;0;0;0;13;0;3;0;0;6;0;12;0;0;16;1;0;0;0;11;15;0;16;0;9;0;0;15;0;5;0;0;0;6;12;0;11;0;0;0;0;16;0;0;0;0;16;0;0;0;0;0;9;10;9;17;0;0;0;0;5;5;0;0;13;8;2;0;0;0;0;8;0;0;13;0;0;0;0;1;0;0;0;18;10;6;10;18;5;0;0;0;15;0;0;0;0;0;0;1;17;0;0;0;0;0;0;0;14;0;5;0;13;0;12;0;0;0;0;14;0;6;0;0;0;14;14;0;0;0;0;5;0;0;0;0;0;17;0;0;8;0;0;0;0;10;0;12;0;0;0;0;0;2;0;0;0;0;11;19;0;0;7;0;3;7;0;1;9;0
0;15;6;0;13;12;14;0;0;0;0;0;0;13;8;16;0;17;0;0;14;0;0;0;18;0;4;0;0;0;0;6;0;0;0;7;18;0;10;0;0;17;0;0;0;0;0;0;18;0;0;0;9;7;0;0;10;0;0;11;0;0;0;10;0;15;2;0;0;0;0;0;7;0;0;19;0;0;0;3;0;14;0;0;0;18;0;6;0;0;0;0;2;0;2;16;0;0;12;0;0;1;12;10;4;0;0;0;0;0;13;0;8;0;0;0;0;12;0;0;0;0;0;0;16;0;0;0;16;0;12;13;0;0;0;0;6;12;0;0;18;0;15;0;9;5;0;14;14;0;0;0;2;15;0;18;4;0;19;3;0;0;0;0;0;0;15;5;0;0;6;0;0;12;10;1;9;0;1;0;3;0;0;4;0;6;0;0;0;0;5;0;4;0;17;19;0;0;0;0;0
0;12;19;0;19;0;0;16;0;0;5;9;0;0;4;0;0;0;8;14;0;17;0;0;0;0;0;0;0;0;0;18;0;0;0;0;12;5;3;0;0;5;0;10;0;0;0;0;0;17;8;9;2;5;0;0;0;0;7;6;14;0;7;17;5;2;0;11;0;13;0;0;0;7;0;0;0;18;0;0;0;0;16;0;9;0;8;12;0;0;0;4;4;2;0;0;0;0;0;0;0;13;0;0;0;0;0;0;0;6;18;6;7;0;14;0;0;0;0;0;5;0;0;13;1;10;0;0;0;4;18;11;0;0;0;0;6;17;0;14;0;1;18;6;0;3;14;0;0;0;0;0;16;0;0;3;9;0;0;14;4;0;0;4;0;18;17;0;0;11;0;10;11;14;0;0;19;4;0;0;4;15;0;0;0;11;0;10;0;10;0;7;0;6;0;0;4;2;0;0;0
4;0;1;0;0;0;0;9;1;0;0;0;7;2;0;4;0;0;18;0;0;0;0;0;0;0;0;0;0;0;0;12;0;1;0;0;0;2;11;0;7;0;5;7;4;18;0;0;10;0;3;0;2;0;0;0;8;4;0;19;0;17;0;15;1;1;0;3;0;10;8;13;0;0;0;0;6;0;0;1;0;0;0;7;0;0;0;0;0;0;0;0;18;0;0;13;19;13;0;0;0;0;0;0;0;0;0;0;19;0;5;0;1;0;11;0;0;6;15;0;0;0;0;0;0;1;17;13;0;0;1;16;15;0;6;6;0;0;18;0;0;0;15;0;19;0;15;12;14;3;3;0;0;0;11;0;0;0;0;0;14;15;11;11;0;0;8;0;0;0;0;5;0;0;0;0;0;0;0;1;4;0;0;0;0;11;0;0;14;0;0;12;15;0;0;0;0;0;0;0;0
0;0;0;12;2;0;0;0;2;19;16;0;0;12;8;13;0;13;0;0;0;0;11;0;18;0;5;3;8;1;17;0;12;0;0;0;0;0;4;8;17;3;0;14;1;0;0;0;0;0;0;13;0;1;9;0;2;16;0;16;0;0;10;2;0;0;0;0;13;0;0;5;0;0;12;10;0;0;0;7;3;19;0;0;0;0;0;0;0;0;0;14;14;0;0;0;0;0;1;8;0;0;0;0;1;0;0;0;12;19;0;0;0;17;0;6;0;17;0;0;8;18;18;0;11;0;0;0;0;0;0;9;0;0;12;17;0;0;0;16;0;14;0;13;0;11;4;0;16;8;5;17;0;3;0;0;0;0;10;0;0;0;17;16;0;9;3;13;0;0;9;19;8;18;10;0;15;0;0;0;0;0;0;0;0;0;0;9;2;11;0;0;16;10;0;0;0;0;7;0;4
0;0;0;0;0;0;0;0;7;0;0;18;14;12;18;0;1;16;0;0;0;0;9;0;0;1;0;2;0;10;0;0;0;0;0;0;0;18;0;0;0;0;0;0;0;10;0;0;0;0;2;0;10;0;17;14;0;0;7;0;1;0;0;0;0;7;0;0;0;0;0;0;0;0;8;0;1;5;0;12;12;0;0;9;0;0;0;11;0;3;9;9;0;0;0;10;16;18;17;8;0;0;0;18;6;0;0;0;0;3;0;0;15;0;15;6;7;7;0;13;11;2;0;0;0;0;3;11;0;18;0;0;0;0;0;0;18;0;0;11;0;0;0;0;7;16;14;0;0;0;0;0;0;0;0;0;0;19;0;0;10;19;0;0;15;2;0;0;18;0;11;14;14;0;0;0;0;16;0;0;0;0;0;0;0;0;0;0;0;0;17;0;0;15;12;1;0;0;13;17;4
10;0;0;9;18;3;9;0;19;2;0;15;0;0;0;3;18;0;0;0;2;9;0;7;7;0;11;4;11;17;0;0;0;4;0;0;3;0;0;3;0;2;0;0;10;0;12;0;7;8;0;0;0;0;18;6;0;0;10;0;0;0;7;17;6;16;15;8;15;0;0;9;0;0;0;0;13;0;1;0;13;5;0;0;0;0;19;0;2;0;0;7;2;3;0;18;0;18;1;0;0;6;16;9;0;0;0;0;0;16;0;0;0;11;0;14;0;6;0;13;0;0;0;13;8;4;0;14;0;0;15;7;0;14;0;14;0;16;11;0;0;0;19;0;0;0;0;17;0;0;0;15;2;0;0;2;0;0;0;0;0;4;16;0;0;3;0;0;0;11;0;0;14;0;0;0;0;0;0;0;0;0;0;0;15;12;0;7;0;0;0;0;6;15;0;0;0;17;0;2;6
14;0;0;18;0;0;0;13;0;19;0;0;0;11;0;0;13;2;0;0;9;9;0;10;0;0;0;0;0;4;15;0;0;0;11;0;18;15;18;0;3;0;10;6;4;0;14;18;0;0;0;13;10;0;0;0;0;3;8;4;13;19;0;0;0;0;0;0;0;3;0;0;0;0;11;0;15;0;14;0;18;0;5;0;10;8;0;2;6;1;0;18;13;3;0;0;0;1;1;0;2;0;0;12;0;9;1;0;17;3;0;0;0;19;13;4;0;0;0;0;0;7;0;8;0;0;0;0;10;10;5;0;0;0;18;0;0;0;0;0;0;0;13;0;9;18;0;3;0;0;0;0;0;0;14;4;0;0;6;0;0;4;0;14;18;15;0;17;16;18;0;15;14;0;0;0;0;0;0;0;0;0;0;0;0;18;15;17;5;14;0;0;9;19;8;0;0;0;0;0;0
17;0;0;0;0;15;0;0;0;0;0;0;4;16;14;0;7;10;8;0;0;9;0;17;0;17;5;0;4;0;1;0;0;5;0;18;15;0;0;0;2;10;0;0;0;6;0;0;9;16;0;0;6;0;0;0;15;0;0;18;0;17;4;0;6;12;18;0;14;0;0;0;0;18;15;0;0;0;0;1;0;0;16;0;1;0;0;11;0;0;11;4;10;0;0;17;0;12;0;4;6;0;0;1;0;0;11;0;17;13;0;0;12;0;1;0;0;0;2;0;11;0;19;3;17;3;0;0;0;0;1;15;0;5;0;1;0;14;0;0;0;0;0;1;18;0;3;15;7;19;10;0;0;14;0;11;0;0;0;0;0;0;19;12;0;0;0;0;0;0;2;8;4;0;0;10;0;0;0;0;0;0;3;0;0;9;0;0;2;15;0;0;0;3;0;0;8;0;16;0;0
16;12;0;12;0;0;0;0;0;0;0;19;0;8;0;0;0;0;15;0;0;0;0;0;0;16;0;0;0;0;0;0;14;0;4;9;0;0;0;0;0;19;2;0;0;2;2;0;12;17;0;11;2;0;0;0;10;19;0;0;14;0;10;0;0;12;3;0;5;0;0;0;13;12;15;2;8;0;0;0;0;0;8;10;0;7;0;13;0;0;6;8;15;0;0;5;13;0;0;0;15;14;0;0;15;0;0;0;5;13;14;11;0;0;0;0;0;11;19;0;0;17;13;0;0;0;0;0;0;0;0;0;0;0;15;18;15;0;0;19;13;0;0;8;17;0;0;0;0;0;0;4;0;17;0;0;0;0;16;0;7;13;5;4;18;0;6;8;0;17;0;0;2;0;6;14;0;0;0;0;0;10;0;3;3;0;0;11;0;0;0;0;0;0;0;18;0;18;18;3;0
0;0;1;0;0;8;9;0;16;0;0;0;0;0;1;0;0;15;0;7;0;0;0;0;0;16;7;17;0;9;18;0;0;0;0;0;16;0;0;19;8;17;0;7;9;14;0;17;0;0;0;0;0;12;0;0;0;0;0;0;0;12;4;0;4;0;0;0;0;0;12;0;19;0;15;0;10;0;0;0;0;18;0;0;0;18;0;4;0;0;0;4;0;16;0;0;0;0;6;0;0;0;5;0;11;7;0;0;10;0;0;0;0;0;6;0;9;0;3;1;14;0;0;0;3;0;0;0;0;0;12;9;0;13;0;6;0;13;0;0;0;1;8;0;0;3;14;3;7;6;14;3;0;0;11;0;0;8;11;14;0;0;0;11;0;14;0;19;0;6;9;0;12;16;0;12;0;0;0;0;18;0;0;0;0;2;0;7;0;7;12;0;0;0;6;8;11;2;0;13;0
0;9;15;11;16;0;0;0;0;0;0;16;0;15;0;0;0;0;1;0;0;19;0;0;6;0;0;2;8;7;7;0;13;0;16;0;0;18;0;0;17;13;19;0;16;9;7;0;0;16;0;6;0;0;0;0;11;0;8;0;16;5;0;8;0;0;7;0;16;18;12;4;0;0;5;0;0;12;0;9;0;0;0;3;2;16;0;0;12;0;7;12;10;0;0;0;16;2;19;14;9;0;0;0;6;0;0;11;0;8;10;13;0;0;16;0;15;0;0;0;6;0;0;0;0;0;0;15;4;0;17;0;0;0;9;0;19;0;7;0;9;18;17;0;0;0;0;0;18;0;0;16;11;15;0;12;0;0;4;3;10;0;0;0;15;16;6;3;11;15;19;18;0;0;3;5;7;0;0;19;0;3;0;2;4;7;7;0;0;16;10;3;0;0;0;0;0;3;0;0;9
0;18;16;14;0;0;0;18;17;4;0;0;0;0;0;19;10;0;0;6;5;0;0;18;0;0;10;0;16;2;0;0;0;7;0;0;0;0;0;0;14;0;0;16;0;0;0;0;0;7;0;0;0;9;4;0;0;6;0;8;0;0;0;0;7;0;13;0;0;0;0;0;0;0;0;0;0;9;0;0;19;7;0;5;18;13;7;0;0;0;0;8;4;0;0;0;14;3;13;13;0;0;13;0;0;0;0;0;0;13;0;0;0;11;11;6;11;0;0;0;0;0;0;0;16;18;16;1;0;10;4;17;18;12;5;3;0;11;16;0;18;0;0;3;0;0;3;0;0;0;14;0;2;0;0;0;12;0;0;0;0;0;0;16;0;0;0;14;0;0;6;0;0;0;0;0;0;0;0;8;0;13;0;0;15;12;0;0;0;18;7;14;7;8;0;0;16;0;0;0;0
0;0;0;0;0;0;0;0;0;0;16;0;0;11;0;5;0;0;10;2;0;0;0;0;0;0;0;0;0;0;0;0;0;0;0;16;0;0;0;0;0;0;14;0;15;0;0;5;5;0;11;0;17;0;0;0;0;0;0;6;0;0;0;0;6;0;0;0;16;0;6;0;5;3;0;0;11;18;13;0;0;1;7;13;5;16;5;0;3;0;15;15;0;0;0;0;3;10;0;1;0;0;3;16;0;12;0;9;0;7;0;0;8;0;7;6;0;0;12;13;0;0;0;0;0;3;0;0;0;0;9;0;0;0;0;14;15;4;14;0;0;3;0;14;0;3;0;0;0;0;0;8;7;19;9;14;0;18;10;17;0;0;13;0;0;0;0;3;5;12;0;11;0;0;11;12;7;1;19;0;7;12;0;18;5;0;0;9;0;19;0;15;0;0;0;0;3;0;3;15;0
12;0;0;18;10;8;5;0;4;15;0;4;0;2;11;19;0;6;0;0;0;16;0;0;0;0;18;5;2;0;5;0;0;17;0;0;13;13;19;12;2;0;0;15;0;0;0;0;10;0;10;6;7;9;17;0;18;10;5;0;15;0;11;0;11;10;0;0;0;0;17;4;0;0;0;1;0;11;0;0;0;15;1;0;7;0;0;17;18;0;10;0;16;0;9;0;17;0;7;0;1;14;6;0;0;10;0;0;0;0;8;6;0;0;0;0;0;0;0;0;0;0;6;0;0;0;3;0;0;0;0;0;6;0;14;0;12;0;0;17;3;15;0;3;0;0;0;0;19;0;19;0;14;0;0;0;0;0;10;15;0;18;0;13;0;7;5;0;0;0;5;16;9;11;12;0;0;0;0;5;0;13;0;0;0;13;0;0;0;0;19;0;0;0;3;0;18;0;0;0;3
8;0;19;2;18;11;2;0;0;11;0;0;0;2;7;0;0;11;0;0;0;2;11;4;19;0;0;17;0;0;0;16;0;0;0;0;0;0;0;2;0;18;0;11;0;0;0;0;0;0;0;0;0;0;0;0;2;0;6;0;0;0;18;1;10;0;0;0;0;0;17;0;0;0;13;1;0;19;5;0;12;15;3;4;0;0;0;11;0;12;14;0;0;0;0;0;0;13;8;17;0;0;3;0;0;0;0;18;0;0;14;0;18;13;1;5;0;0;14;0;14;15;0;0;15;0;0;0;12;0;0;0;18;0;14;0;14;16;0;0;0;7;0;7;18;0;0;19;0;0;0;4;9;0;14;0;0;0;0;0;8;6;0;0;0;8;5;0;0;12;0;0;0;0;14;0;0;0;0;0;3;18;0;0;12;0;0;12;18;0;0;16;0;0;0;11;15;0;0;0;17
0;0;10;0;0;0;0;13;0;6;0;0;11;0;0;0;18;0;13;0;0;0;7;8;0;3;0;0;2;0;0;9;0;9;18;0;0;0;12;11;9;0;0;0;4;6;0;8;15;0;0;11;19;9;2;15;0;2;0;0;0;0;15;0;0;0;12;11;0;0;4;0;0;0;4;7;4;8;0;9;9;0;11;3;0;0;18;0;7;6;14;7;11;0;0;0;13;11;0;0;5;0;12;1;13;2;0;10;16;0;0;0;15;19;11;13;16;0;9;0;0;4;0;15;0;9;8;6;18;0;0;0;18;0;0;0;3;8;0;0;0;19;0;6;0;0;0;0;0;0;0;0;10;0;0;17;0;10;12;0;11;0;0;0;17;0;11;0;0;0;4;0;0;0;12;5;19;0;0;0;10;8;0;19;11;13;0;0;5;17;0;0;0;5;0;0;0;0;0;8;6
0;0;0;1;6;0;0;4;18;0;0;3;0;0;9;16;0;0;16;0;0;18;0;9;0;0;5;15;0;2;0;0;6;0;0;0;0;0;0;0;3;0;19;15;0;10;0;6;0;12;7;0;0;0;0;17;0;1;0;9;12;0;14;5;0;5;5;12;0;0;0;12;7;0;0;0;0;13;0;0;0;0;9;4;0;10;15;0;0;0;0;0;0;0;5;15;4;1;0;0;4;8;1;0;0;17;0;4;0;0;11;0;0;0;6;1;0;19;0;0;0;7;9;12;0;0;0;19;19;7;0;0;18;14;0;0;3;5;0;0;0;10;0;14;0;14;0;19;0;0;0;0;0;17;13;0;0;0;8;0;8;6;0;11;10;8;0;0;0;10;0;12;0;0;0;0;0;0;0;0;5;5;0;0;0;0;0;19;0;0;12;12;5;13;7;1;0;9;0;0;15
0;0;13;2;8;0;18;0;14;0;0;16;1;0;0;1;19;0;13;14;0;0;0;0;0;14;13;19;0;0;14;0;0;0;7;0;0;0;19;2;0;0;0;0;0;15;0;10;0;0;0;18;0;0;0;15;0;0;19;4;0;0;0;10;0;3;0;0;0;16;5;7;0;0;0;0;16;0;0;0;0;0;0;16;2;0;0;0;0;0;19;12;9;2;16;0;0;0;16;0;0;0;2;17;0;11;9;4;0;0;0;4;0;17;0;5;2;2;0;0;0;4;18;0;0;5;0;1;5;0;19;7;4;0;0;0;0;17;0;15;0;0;4;3;16;0;8;0;4;0;0;0;0;13;0;0;0;8;0;10;17;0;0;0;9;3;0;2;15;17;0;0;0;0;0;18;3;6;0;0;0;17;0;6;16;0;0;0;0;11;10;9;0;0;0;1;0;18;0;0;0
17;15;16;0;2;0;0;1;0;0;0;0;0;4;3;0;0;0;0;19;0;0;6;0;1;0;0;0;4;0;0;0;15;0;0;0;0;14;18;13;18;0;0;12;0;3;0;10;0;0;1;0;0;11;2;0;0;0;6;0;15;0;0;0;0;0;0;11;16;0;6;5;0;0;0;0;14;7;0;9;0;0;0;14;18;0;17;0;0;0;0;0;0;0;0;0;12;0;0;14;5;9;0;0;0;0;0;0;0;0;0;0;0;0;8;0;0;0;0;0;0;0;0;10;0;17;0;0;0;0;0;0;16;6;2;16;0;0;0;2;0;0;0;0;11;2;7;14;9;10;0;0;0;0;0;16;3;4;16;0;17;6;10;0;0;8;0;8;0;0;18;0;2;0;7;0;0;0;0;10;19;0;8;0;0;11;0;0;0;0;0;0;0;0;0;0;14;0;0;0;0
0;1;0;6;0;0;0;15;11;3;6;10;0;0;0;11;15;0;14;13;0;6;0;0;0;0;19;0;0;0;0;0;13;0;0;0;0;0;13;6;0;0;14;0;0;14;19;2;0;0;0;0;8;3;0;12;0;0;0;0;0;12;12;0;3;0;0;0;14;0;0;0;5;0;0;9;0;0;4;0;19;17;6;0;0;0;0;0;0;14;7;0;16;0;0;0;1;13;0;0;0;10;0;0;0;0;0;0;0;0;0;17;0;6;0;10;0;0;3;0;8;0;0;0;0;0;18;0;19;4;11;0;3;0;15;0;0;3;0;0;0;14;17;0;15;0;19;0;0;0;17;13;0;0;0;12;0;0;14;0;0;16;4;0;12;0;2;0;18;6;4;19;0;0;7;0;7;4;0;3;1;10;0;17;5;0;0;0;0;9;0;0;13;0;0;0;0;18;18;9;0
19;0;0;0;4;2;0;0;5;0;0;0;13;0;0;5;17;0;12;8;13;9;0;8;0;0;0;0;0;6;13;0;6;0;18;0;15;13;0;12;0;0;0;0;10;0;0;0;0;0;0;0;0;2;0;9;2;0;12;19;0;0;0;0;0;11;0;5;0;16;0;0;0;0;0;0;9;0;0;8;6;0;0;2;0;0;0;5;0;0;19;9;0;11;0;1;16;0;0;4;0;18;0;0;7;8;16;0;2;14;1;0;0;0;0;16;0;0;2;17;0;0;0;0;0;0;18;0;0;1;0;0;0;0;0;0;11;0;0;0;14;0;0;11;0;0;9;0;14;0;13;0;0;0;0;0;12;0;0;0;0;0;0;0;0;0;2;0;0;0;0;8;10;0;7;0;19;0;0;0;0;0;17;0;0;0;0;13;17;0;0;0;12;14;5;0;3;10;0;6;12
14;0;0;0;0;2;0;0;0;0;12;1;2;0;0;0;6;0;15;0;14;0;4;0;9;8;0;0;0;0;13;0;0;0;0;0;0;13;0;0;0;0;0;18;0;7;5;7;5;18;3;0;0;18;0;0;9;0;0;0;7;0;0;2;0;14;18;0;2;0;0;0;0;13;0;0;0;0;13;0;18;0;18;0;0;5;6;10;1;6;0;9;0;0;0;4;0;11;0;11;19;19;11;3;0;12;0;0;0;0;1;8;0;9;0;0;0;13;15;0;19;0;9;0;13;3;0;0;0;0;13;18;0;0;18;3;0;0;0;2;4;11;0;0;12;0;14;0;0;17;0;0;16;12;0;0;0;9;0;0;15;13;0;18;0;0;0;16;1;0;0;0;0;0;0;9;3;0;0;2;17;0;0;0;0;0;0;8;0;0;4;2;0;0;14;11;16;0;0;0;0
16;0;0;0;6;16;9;2;15;3;0;10;15;0;0;0;0;0;0;0;0;0;0;0;0;0;0;18;9;0;0;1;0;0;0;5;0;0;11;0;0;1;1;7;0;17;0;10;0;12;0;0;0;0;17;12;0;0;0;0;0;17;0;0;13;0;14;19;0;0;0;0;6;0;7;0;0;0;0;0;0;0;0;1;0;19;0;0;19;0;0;0;0;0;2;0;14;0;0;0;7;5;0;0;0;0;0;0;0;0;9;15;3;0;9;7;0;13;11;0;11;19;9;0;0;7;2;14;0;0;8;0;2;14;4;9;0;0;0;0;0;0;0;0;0;12;0;0;0;0;0;0;3;0;12;0;0;0;0;0;0;0;0;15;0;0;0;0;0;0;3;3;15;0;0;0;0;0;8;0;0;0;6;9;0;0;0;0;0;0;0;13;7;0;0;10;0;0;0;0;0
0;0;0;0;6;0;0;6;17;0;0;14;18;0;0;0;0;18;11;0;0;2;12;0;0;0;13;7;18;8;6;0;0;0;5;0;0;0;0;10;0;0;0;16;10;0;0;2;16;10;16;0;0;16;0;0;17;8;0;0;1;17;0;18;0;0;11;0;6;0;4;0;3;0;16;19;0;0;8;19;9;9;0;12;1;0;0;10;0;7;0;0;0;8;0;4;0;0;0;1;2;17;17;0;5;5;0;0;0;3;0;0;1;0;0;0;0;0;13;8;0;13;0;0;0;0;0;6;0;16;0;0;0;14;0;0;0;0;19;0;0;0;0;8;0;0;18;0;0;10;0;8;4;0;0;9;0;0;10;0;0;0;0;0;4;0;16;0;1;3;13;0;0;0;19;0;0;9;0;0;3;0;13;6;11;0;0;0;0;8;0;9;0;16;16;0;0;0;0;6;0
0;0;0;17;0;0;0;0;0;0;0;0;1;0;2;0;0;0;0;7;0;0;1;3;0;19;0;17;0;0;0;0;6;0;0;10;0;5;6;8;0;6;0;0;0;0;9;0;0;0;13;18;15;14;5;0;0;0;0;19;19;9;0;0;0;0;0;0;0;0;12;0;0;5;2;0;0;0;0;18;0;0;4;15;0;12;0;12;0;9;2;14;0;5;8;0;0;2;0;0;0;0;0;17;0;3;0;0;0;3;0;9;0;0;0;18;0;0;0;3;0;12;5;0;0;7;0;0;2;1;0;17;19;0;19;0;0;10;0;0;6;0;16;11;4;0;10;10;0;12;8;0;16;14;0;0;0;10;0;13;0;0;9;10;0;0;18;0;0;0;8;0;13;0;17;0;12;0;10;0;7;0;14;0;0;3;10;16;0;0;0;0;0;0;0;0;13;0;0;0;0
0;12;0;12;0;0;0;3;14;0;0;19;0;0;0;0;0;15;11;11;0;0;16;0;8;0;0;0;1;0;0;0;0;0;5;1;0;0;0;11;0;0;0;0;0;10;10;15;0;0;6;19;0;7;0;0;16;0;2;0;0;0;0;0;0;0;0;13;2;0;12;4;10;0;0;0;7;0;0;0;7;0;0;0;0;0;0;0;0;0;0;0;0;0;0;0;0;16;0;0;0;0;6;0;2;11;0;0;0;12;0;4;0;0;10;19;0;8;5;14;0;0;0;1;15;16;2;0;19;0;12;0;0;0;3;14;0;0;0;0;0;0;0;14;3;0;17;15;0;0;0;10;0;0;0;0;0;0;13;0;0;0;0;0;0;0;19;7;0;8;0;0;19;0;0;0;12;14;13;0;6;0;0;0;2;6;4;0;0;0;19;19;0;0;14;0;0;17;7;0;5
15;0;18;0;0;0;0;10;0;0;0;0;0;10;0;0;9;7;0;6;0;0;3;17;19;4;0;0;16;0;0;7;0;0;3;10;0;0;0;1;0;9;4;0;12;0;0;4;0;6;0;0;0;0;11;0;9;16;0;0;5;18;7;9;0;0;0;10;14;4;8;6;0;12;0;0;11;1;0;1;0;3;5;0;0;19;0;13;14;0;0;0;16;0;0;0;7;0;16;13;0;0;0;1;0;16;0;11;0;0;0;0;0;0;0;10;0;6;0;9;12;0;0;0;0;0;0;0;4;0;9;0;1;0;0;4;14;0;10;0;0;0;7;0;10;0;0;0;8;11;8;17;17;0;0;15;0;0;0;0;0;1;0;9;11;0;0;7;0;8;19;8;0;0;0;0;16;16;0;1;6;0;0;0;0;0;0;0;0;19;0;0;0;14;0;0;0;0;1;0;0
0;0;0;2;10;0;0;15;16;4;0;1;14;6;16;0;0;0;18;17;7;0;7;9;14;17;0;7;6;11;0;10;0;0;0;5;19;0;0;0;16;0;2;14;18;0;8;0;0;19;0;5;4;0;16;12;0;0;0;6;12;0;19;0;5;0;0;8;0;0;13;2;0;3;0;0;0;13;0;3;4;0;0;0;3;8;0;0;0;10;0;0;0;0;10;0;17;0;0;8;0;19;0;9;0;0;0;8;1;0;15;0;11;3;16;0;0;0;14;11;0;8;0;17;19;0;0;0;0;17;0;11;0;0;0;0;15;0;19;4;4;0;13;0;0;0;0;18;6;0;6;0;6;16;0;13;0;0;0;0;1;0;13;17;0;0;9;0;0;0;13;0;0;12;0;19;6;0;0;11;0;0;15;0;17;0;1;7;0;0;0;0;0;0;0;0;1;0;0;0;0
0;0;0;0;11;17;0;0;2;0;0;5;0;0;0;6;0;0;0;19;5;0;0;0;5;18;0;0;0;7;0;2;0;11;0;0;2;0;0;0;0;10;0;14;0;0;0;0;18;11;3;12;0;17;0;0;6;0;0;0;4;0;0;0;0;16;4;0;2;0;0;0;0;0;0;0;0;0;13;0;0;0;3;0;15;0;0;0;0;15;0;0;0;19;0;0;0;0;2;14;0;4;18;0;0;0;0;0;0;0;7;5;19;0;9;0;1;0;4;0;0;17;7;0;6;0;0;11;0;0;0;18;0;5;0;0;11;17;0;16;0;19;5;0;0;0;13;0;0;0;0;0;10;4;0;0;0;0;9;0;0;13;0;7;0;0;0;8;0;14;12;5;0;0;6;0;0;0;0;19;0;13;0;0;0;0;6;0;0;13;0;8;16;12;0;2;0;9;1;19;0
0;0;10;5;0;0;6;16;0;0;0;3;0;0;0;0;15;0;0;0;0;0;0;0;1;0;14;17;15;15;2;4;6;0;2;0;0;0;0;0;0;0;0;17;0;5;11;15;19;0;19;6;17;0;7;0;18;0;0;10;17;9;5;3;0;0;0;0;0;12;0;14;0;0;16;5;0;0;15;0;3;6;0;0;17;0;0;16;0;6;15;1;2;0;14;0;8;0;12;7;0;14;8;0;0;8;9;0;0;0;0;5;0;11;0;0;0;13;3;0;0;0;0;0;11;17;17;0;0;0;0;0;0;0;0;4;11;16;0;0;14;12;4;11;0;16;0;13;0;0;11;0;0;0;0;18;15;0;10;0;9;17;7;0;13;0;16;0;18;0;0;3;0;0;0;0;6;0;0;11;0;0;10;15;0;3;6;15;0;0;0;0;9;12;0;15;0;0;1;11;1
0;0;0;14;0;16;0;0;0;0;0;15;0;0;12;18;18;0;0;0;0;9;0;0;0;0;0;6;19;0;3;0;13;15;1;12;7;0;13;5;0;4;18;8;3;14;18;9;19;0;0;0;10;13;0;0;0;12;0;0;8;7;0;0;0;0;0;7;11;9;0;12;0;0;9;19;9;0;0;0;5;0;0;15;0;11;0;0;15;0;0;13;0;0;0;0;1;8;0;0;0;18;0;0;0;0;0;18;17;2;0;0;0;0;7;0;2;0;0;0;0;19;8;15;5;0;0;0;5;0;6;0;0;0;0;0;0;0;15;0;18;0;18;0;15;0;0;0;0;17;10;9;0;12;0;0;0;4;0;0;11;0;0;13;0;9;0;0;11;0;0;8;2;0;19;0;15;0;0;3;0;0;2;11;0;0;16;0;12;0;0;0;12;17;0;0;0;0;0;0;10
0;0;0;0;0;0;0;12;0;13;14;0;1;2;0;7;0;12;19;0;5;0;0;19;0;0;0;0;0;0;0;0;13;0;16;0;13;2;0;0;0;0;0;0;0;1;0;0;0;11;0;0;12;0;12;0;0;2;0;11;10;14;0;11;17;0;0;0;0;6;8;0;10;0;0;0;8;13;0;0;10;0;6;0;0;5;0;0;14;0;1;6;7;0;14;0;0;6;17;0;0;0;0;0;0;0;0;0;15;4;0;0;16;0;16;0;5;0;0;0;0;14;18;0;0;4;0;0;0;0;0;0;6;0;0;18;0;9;2;3;15;0;0;14;16;0;0;7;8;0;8;3;8;0;0;0;0;0;0;0;0;0;0;0;9;0;0;0;0;3;9;0;16;13;0;0;0;0;0;9;0;15;17;4;0;8;0;19;0;0;0;11;11;0;0;0;0;1;0;0;2
15;0;10;0;0;17;12;15;9;8;13;0;0;10;0;0;3;15;4;18;0;0;0;17;12;12;4;0;5;0;0;13;9;0;0;0;0;5;0;0;0;0;4;0;0;9;0;0;0;0;0;0;0;0;18;15;16;0;0;0;0;0;9;16;0;0;0;3;0;8;4;0;0;10;16;0;0;3;8;2;19;1;0;0;0;0;13;0;0;0;0;6;0;0;12;0;0;0;0;15;0;0;0;0;2;0;0;0;3;0;0;0;17;0;0;0;0;0;0;0;0;6;1;0;6;11;0;0;12;0;11;0;15;0;15;17;8;3;0;0;0;0;6;0;6;0;0;5;5;11;0;0;0;2;2;0;0;16;18;19;0;9;0;16;0;0;0;0;18;0;0;6;7;0;3;13;0;4;0;19;0;0;0;0;6;0;0;0;0;1;0;0;0;9;3;0;0;9;0;0;0
0;0;0;7;0;0;0;3;0;11;0;0;0;11;0;5;0;8;0;0;0;1;13;3;0;0;0;0;0;0;0;5;0;6;0;0;16;3;0;0;3;12;10;14;9;0;0;13;0;13;0;18;14;7;13;6;0;0;12;0;18;4;2;0;0;0;0;0;9;0;14;0;0;12;0;12;10;0;0;0;2;0;0;8;0;16;0;15;0;0;1;12;2;0;0;0;1;17;10;6;12;0;3;0;15;8;0;0;0;0;0;0;0;18;12;2;12;6;0;5;18;0;12;1;0;0;5;2;0;0;2;19;8;0;5;0;0;13;0;0;17;0;8;19;3;14;3;0;0;0;0;2;8;0;0;16;0;0;0;7;7;0;8;0;0;0;0;0;11;0;0;0;0;0;0;0;0;0;0;0;10;0;0;0;0;18;16;0;10;0;15;13;0;0;0;0;15;0;0;0;0
0;0;5;0;17;0;0;0;0;0;11;13;12;0;18;0;0;6;0;12;0;0;0;6;0;10;8;15;3;14;0;17;0;15;0;0;0;0;0;0;18;0;0;0;0;0;0;19;0;0;0;6;0;7;6;0;0;0;0;0;15;2;12;13;0;0;0;9;0;0;7;14;8;0;7;10;1;10;0;7;16;0;0;1;0;2;0;0;1;0;0;0;0;15;0;1;19;0;17;0;0;0;12;12;0;17;0;16;0;0;0;0;17;1;4;0;12;15;0;0;16;10;0;0;0;2;1;18;0;2;0;0;7;17;0;0;0;0;18;0;16;0;0;0;11;0;5;0;0;0;0;15;0;18;0;1;0;1;0;0;0;0;0;18;11;0;18;11;0;6;0;0;0;0;11;0;0;0;2;0;0;0;0;0;0;1;0;0;0;0;2;0;0;0;12;0;2;0;4;0;0
0;0;0;0;2;0;0;5;0;0;0;19;2;0;0;0;7;5;0;13;0;0;0;0;0;5;0;11;0;0;2;0;0;5;3;7;8;0;0;16;13;0;0;0;0;15;0;0;0;10;2;19;18;1;0;9;14;0;0;0;0;0;0;0;14;0;0;0;0;19;0;19;0;5;17;16;10;18;3;0;9;0;11;0;16;0;4;0;4;14;0;10;0;0;3;0;0;0;7;0;0;9;13;0;3;0;0;0;0;7;0;4;14;0;0;1;0;0;0;4;0;13;15;12;18;0;0;0;0;17;0;0;0;0;0;11;0;0;0;11;18;0;17;6;15;0;12;0;12;0;10;17;0;6;0;0;0;3;0;8;8;0;14;0;0;3;0;0;6;0;5;0;0;1;0;0;0;0;11;0;0;0;0;9;0;0;16;3;0;18;14;8;0;0;0;0;0;0;7;0;2
0;13;0;11;0;0;0;0;19;0;7;0;6;13;0;0;0;0;0;0;0;6;0;0;1;4;0;0;13;4;0;0;0;0;0;0;0;10;4;0;16;19;13;10;0;6;0;10;0;0;14;12;0;12;0;0;0;0;0;0;0;0;0;0;0;0;0;0;0;0;0;0;7;9;0;15;18;17;0;0;10;0;6;0;0;1;1;0;0;0;16;3;0;0;0;5;3;0;0;7;10;0;0;0;5;0;0;0;19;6;14;2;0;4;0;19;0;0;0;19;17;0;19;1;2;2;18;0;10;0;0;0;0;0;6;0;0;9;11;0;0;2;0;9;19;6;0;5;0;4;0;0;18;4;0;0;3;13;8;0;19;13;12;0;0;9;0;0;0;5;0;0;15;0;0;0;14;13;0;0;6;0;8;3;7;1;0;0;0;0;12;0;0;0;0;0;2;0;0;9;19
0;0;0;0;0;0;5;0;0;3;15;0;0;0;5;0;0;0;2;0;0;0;0;10;0;0;0;17;0;0;0;0;0;0;2;10;7;0;8;12;14;0;0;0;0;5;4;19;11;0;0;15;0;0;0;0;19;10;0;7;18;0;0;16;9;0;0;0;0;18;0;17;5;12;0;7;0;14;0;15;0;0;0;8;0;0;0;0;12;0;0;4;0;0;2;12;19;10;0;0;0;19;0;0;0;0;12;0;0;0;8;10;0;6;0;0;0;0;17;0;0;15;0;11;2;17;0;0;0;13;0;0;0;8;0;10;5;19;14;0;15;8;0;0;18;0;11;16;0;0;12;0;0;19;8;0;3;0;0;0;8;0;5;3;8;0;6;0;0;0;0;0;19;0;1;0;4;0;0;0;0;0;0;7;0;0;0;0;0;9;3;0;0;13;0;0;0;8;0;0;0
0;0;15;0;19;5;13;0;14;9;0;0;0;0;0;0;6;0;0;15;16;14;19;0;0;6;0;0;0;0;0;0;13;13;5;0;0;8;0;0;0;0;0;0;0;0;0;0;0;15;0;0;0;0;0;0;18;7;18;8;0;0;5;0;0;0;0;0;0;0;0;0;0;6;0;0;0;0;8;0;0;10;0;0;0;8;0;4;0;0;6;0;2;0;3;0;0;1;0;14;11;0;5;16;0;12;0;1;0;5;0;0;0;14;0;5;6;8;16;0;19;0;0;7;4;0;7;18;14;0;0;0;0;0;0;11;0;8;14;14;14;4;2;12;0;0;0;9;0;0;0;0;2;0;10;0;15;0;13;19;0;0;0;0;2;16;7;0;0;0;15;19;0;18;7;0;0;11;0;0;0;0;0;12;7;0;17;7;0;0;0;0;9;18;19;0;5;0;0;6;8
0;0;0;18;0;0;15;1;3;15;7;0;3;13;0;0;0;0;6;12;0;0;18;0;0;0;0;5;0;6;0;8;14;17;0;0;0;18;15;18;0;0;15;5;0;0;0;0;8;0;0;15;18;0;0;0;0;19;3;0;0;18;9;0;19;0;0;18;0;11;0;0;0;1;0;8;18;19;9;0;15;0;0;14;6;6;9;0;0;18;1;0;0;8;0;0;6;0;14;0;17;0;0;0;0;0;2;0;16;0;0;7;0;0;16;17;0;0;6;0;11;9;0;0;14;7;0;0;0;0;14;14;0;0;12;14;0;18;0;0;0;0;0;16;0;0;0;11;0;0;0;0;0;0;0;0;0;0;0;0;0;12;0;0;0;13;0;0;0;1;0;0;18;0;6;0;0;15;0;8;16;14;17;0;0;16;0;0;0;0;0;0;0;19;0;0;2;7;2;19;13
0;0;0;0;0;15;0;0;0;12;17;12;0;2;0;10;14;0;0;0;0;0;0;0;0;0;2;0;0;6;5;12;1;0;0;0;19;6;18;0;0;0;4;15;0;0;3;2;13;4;0;0;0;0;13;9;13;19;0;15;5;0;19;13;0;0;14;1;3;0;15;1;0;0;0;0;4;0;0;0;8;0;11;0;0;9;3;0;6;3;11;0;0;17;14;11;0;18;13;0;0;9;9;0;7;2;0;4;6;0;0;9;0;0;0;0;0;12;0;0;0;9;19;0;0;0;0;0;1;0;0;15;6;0;10;0;0;10;0;0;0;0;6;0;3;0;11;12;14;12;0;0;7;7;7;0;0;19;17;0;0;0;6;0;19;0;3;0;11;0;0;1;7;6;0;3;3;0;0;9;0;0;0;0;0;0;0;1;0;0;0;0;0;0;0;0;0;0;7;0;0
1;0;0;0;0;14;0;0;7;10;0;0;2;15;8;17;0;10;8;1;10;0;0;0;19;0;0;0;0;0;0;2;0;0;0;15;0;0;0;7;0;0;0;17;0;18;0;7;0;0;0;0;0;0;0;0;0;0;17;0;0;3;0;0;10;0;0;0;2;0;11;16;9;5;2;2;0;0;17;0;0;12;0;1;0;16;3;16;0;10;0;9;0;18;0;0;0;14;1;11;12;0;0;0;0;11;0;0;0;2;0;0;0;0;0;0;10;0;0;0;2;18;0;0;0;0;0;0;0;0;0;0;17;0;1;0;0;0;0;0;0;10;14;12;5;0;12;0;0;5;0;18;0;0;0;9;0;0;0;0;0;19;0;0;0;0;13;0;0;0;0;0;0;0;3;0;13;0;10;19;2;0;0;0;2;0;0;0;8;3;0;5;7;0;0;0;0;0;11;10;15
0;2;0;0;0;6;0;15;0;8;0;0;5;0;16;13;17;1;7;0;0;0;0;9;0;8;0;0;0;0;0;0;7;0;0;0;0;5;4;1;0;0;0;0;0;0;0;19;0;0;0;0;13;0;0;0;14;7;0;15;11;0;0;9;12;10;14;10;10;4;0;0;0;0;0;11;0;7;0;0;16;14;0;2;0;0;18;4;0;0;0;16;10;6;0;19;0;7;0;16;1;5;17;0;0;0;0;0;0;18;0;10;0;0;0;0;0;0;6;0;0;0;14;0;0;18;0;0;15;0;0;0;0;10;9;19;0;15;0;0;0;0;0;0;7;0;7;0;0;19;0;3;0;7;19;3;0;0;12;12;16;6;0;6;15;0;0;0;0;0;14;4;0;0;3;13;0;0;10;0;0;0;0;0;0;17;0;0;19;0;0;18;4;0;0;0;18;0;0;0;13
16;0;0;14;0;4;0;3;0;0;0;0;0;5;7;18;2;4;0;0;16;10;5;14;0;0;0;0;18;7;0;17;8;0;0;9;0;0;0;0;5;1;0;0;0;0;0;0;1;1;0;0;0;14;0;7;0;0;0;0;3;0;0;0;0;0;18;0;0;0;0;17;0;7;0;0;1;0;17;9;0;0;0;0;0;0;11;0;0;0;0;0;0;0;12;0;0;5;16;0;14;8;0;0;0;0;14;6;18;11;0;0;0;0;0;0;18;0;12;0;3;6;5;0;7;11;2;0;13;0;0;15;0;0;0;4;0;0;16;0;0;0;0;0;0;0;1;0;0;0;0;6;0;4;0;0;0;9;0;14;16;0;0;0;0;0;4;0;0;0;13;0;11;15;0;0;0;0;0;0;0;16;0;6;6;0;12;0;6;0;0;0;0;19;13;0;0;0;0;6;0
0;0;0;0;12;0;2;0;0;0;1;1;0;0;19;0;2;0;0;18;1;12;19;8;0;0;2;17;13;18;19;0;0;3;0;0;0;0;12;13;4;0;12;13;0;11;8;13;0;0;4;5;9;0;0;8;0;0;6;6;0;2;0;0;1;0;15;16;4;8;0;0;0;0;0;4;9;0;7;0;5;11;0;0;0;0;0;16;0;7;0;0;0;0;16;0;14;2;1;7;8;0;7;0;0;5;0;2;14;16;0;0;0;0;0;7;0;19;0;5;12;8;19;0;18;0;0;18;3;17;0;18;0;12;1;0;0;0;0;0;0;0;0;0;0;0;19;0;0;0;0;0;0;0;0;0;8;0;10;13;0;0;0;0;0;0;0;0;2;11;0;0;0;0;0;10;10;0;0;0;19;0;11;0;0;0;0;3;0;0;10;8;13;0;6;15;0;17;0;6;13
14;7;0;16;0;4;0;17;5;0;0;12;0;0;3;0;0;0;8;0;0;5;0;5;0;0;0;0;1;8;10;0;0;9;0;0;1;8;2;0;0;9;19;0;12;0;0;0;13;15;0;0;0;7;0;14;14;12;7;14;0;0;0;1;8;0;5;8;12;13;13;0;9;8;13;0;0;0;16;0;0;0;0;5;0;17;15;0;0;1;0;2;0;0;7;0;3;0;0;0;19;0;0;17;7;12;0;0;13;0;16;0;8;0;3;0;18;7;0;0;0;0;0;9;5;0;18;0;0;0;0;6;8;0;0;0;1;0;0;0;0;0;0;0;19;8;0;5;0;0;0;0;10;3;0;2;0;0;0;0;1;11;19;11;3;9;19;0;0;0;0;0;0;8;9;19;0;0;0;0;0;0;5;1;4;0;0;9;0;7;13;14;16;13;0;9;0;18;0;12;0
0;8;18;3;16;0;17;0;18;0;0;14;0;0;16;0;0;4;0;0;13;17;0;0;0;3;0;0;0;12;4;0;0;0;8;0;0;0;0;0;0;0;15;0;0;7;0;0;1;13;0;9;0;15;8;0;0;0;0;0;1;18;0;2;0;0;12;0;0;0;9;4;0;2;0;0;0;15;0;0;13;8;0;4;10;0;0;10;0;0;19;0;6;19;1;10;0;0;15;0;0;0;0;15;18;3;0;3;18;16;11;8;0;0;0;0;0;0;18;2;0;17;7;0;6;0;6;0;0;7;0;10;13;0;3;4;4;0;0;0;0;0;0;18;0;0;7;0;3;10;5;0;19;1;0;17;0;3;7;6;6;0;0;0;0;0;0;10;0;0;6;0;0;16;0;2;0;0;19;0;0;6;0;0;0;0;4;0;9;16;0;1;14;0;0;6;0;3;18;6;16
0;10;6;0;0;0;0;17;0;0;0;0;0;7;19;0;0;0;0;0;0;1;9;0;0;4;0;0;0;11;9;13;0;10;18;0;10;0;0;17;11;6;0;0;0;1;0;12;0;0;0;1;0;0;16;0;0;0;0;12;0;15;0;0;12;0;6;0;0;0;0;0;8;18;0;0;0;5;7;0;0;13;16;17;0;14;0;0;14;11;0;5;0;0;0;0;17;0;14;0;13;0;0;19;0;19;0;0;0;0;0;10;5;12;0;5;0;2;0;0;9;15;0;0;0;5;8;0;0;0;0;0;0;0;0;15;0;0;0;0;0;0;10;0;3;13;12;13;18;8;5;17;0;10;0;0;0;0;0;0;0;0;13;0;0;15;0;0;0;0;0;0;0;14;0;0;0;16;0;0;6;0;0;0;0;6;0;0;0;8;0;4;3;13;0;0;1;0;0;3;0
0;0;17;0;0;2;0;0;11;0;0;0;0;0;11;13;0;0;9;0;0;0;0;0;12;0;0;0;12;0;0;15;2;14;0;3;10;6;0;18;0;0;0;0;4;0;12;0;0;0;0;0;3;0;4;3;0;16;0;0;0;9;13;0;3;1;9;18;0;2;17;0;0;0;0;10;0;18;0;15;0;0;13;0;0;7;9;0;19;0;12;0;0;0;15;0;11;9;0;0;9;7;0;19;0;0;0;0;0;0;11;0;0;0;17;2;0;0;0;3;18;6;0;14;17;0;17;0;0;7;15;14;1;0;0;0;0;0;0;0;0;3;0;0;0;0;0;0;0;0;0;0;8;0;17;0;6;13;14;0;0;15;0;10;2;17;0;0;0;0;8;0;0;17;0;0;0;0;11;5;0;0;0;9;3;0;0;1;9;18;0;9;0;5;5;13;10;0;0;14;0
0;0;0;9;0;0;8;4;16;4;4;0;0;0;0;0;0;0;17;11;9;0;0;2;0;1;2;0;0;0;0;0;17;0;0;0;5;0;0;0;0;4;17;0;0;0;0;7;2;0;0;8;13;3;0;0;4;0;0;11;0;14;0;8;0;10;0;11;0;10;3;19;0;0;0;15;0;0;0;16;0;0;0;0;3;13;0;0;0;0;0;16;0;0;0;14;0;0;0;0;0;5;0;0;19;0;8;0;2;17;0;16;0;9;0;0;0;0;8;0;0;0;0;7;7;0;0;13;0;16;17;0;7;0;4;0;0;0;0;0;0;0;3;0;2;0;18;0;0;19;0;6;0;17;0;0;9;6;0;0;0;0;0;15;11;4;0;0;0;9;3;7;12;0;0;0;0;6;0;1;0;0;9;0;0;1;0;0;0;0;12;0;0;0;8;0;0;0;0;0;0
0;0;0;0;0;11;3;0;0;12;0;0;0;0;0;0;0;0;0;0;0;0;0;15;9;0;0;13;0;0;11;0;0;14;5;1;0;0;0;0;0;8;0;0;0;15;0;16;0;2;14;0;0;0;15;0;10;8;0;0;0;0;10;0;0;0;0;0;0;0;0;0;7;6;0;0;0;0;0;0;2;0;17;0;0;0;0;14;12;0;7;11;0;19;11;0;0;0;6;15;8;0;0;3;6;0;0;19;0;13;0;10;6;11;0;0;0;8;0;2;0;17;12;3;0;0;0;0;0;7;13;0;16;2;0;0;0;0;0;15;0;0;3;0;4;15;5;0;12;11;0;16;0;5;0;0;0;11;0;2;0;17;0;0;0;0;6;0;0;0;7;0;7;0;0;2;0;6;0;4;0;0;3;0;0;0;12;0;19;0;14;0;0;0;0;10;4;6;0;0;0
10;8;10;12;9;0;12;7;0;1;0;0;6;6;13;0;0;11;0;0;0;0;0;0;16;0;0;0;0;0;0;0;0;0;14;1;0;0;0;10;16;0;1;0;0;0;0;0;0;0;0;0;0;0;15;0;0;12;0;0;0;0;0;0;0;11;4;0;0;19;0;0;3;0;0;17;13;6;0;19;0;0;3;0;0;5;6;11;0;0;13;0;16;8;0;15;0;0;0;19;0;0;0;8;0;0;16;0;16;0;0;0;0;0;10;0;0;0;0;4;0;0;4;0;6;0;7;0;0;0;0;17;0;0;6;11;11;0;0;12;18;9;0;2;7;12;0;13;0;13;0;0;11;0;0;0;0;0;3;6;0;0;0;3;0;8;0;18;1;0;1;0;0;16;0;0;17;0;0;0;0;6;0;1;0;0;0;8;0;0;0;0;7;3;0;0;4;0;0;0;19
0;0;0;17;4;0;9;15;0;13;0;0;6;1;0;0;0;18;3;0;0;0;0;0;11;15;0;11;13;0;0;0;9;0;0;7;0;8;11;16;0;0;0;0;0;14;0;17;0;0;0;1;1;6;0;0;6;0;0;0;0;12;0;0;0;0;0;14;0;2;11;19;0;0;0;5;0;0;0;0;10;6;0;0;0;0;17;0;0;0;6;0;0;0;3;15;0;17;0;6;0;0;0;2;0;0;0;9;0;0;0;0;11;0;10;0;0;0;0;0;7;0;0;0;11;0;0;0;15;0;0;3;16;0;0;0;0;0;0;0;15;0;0;0;7;0;0;0;0;0;0;0;0;0;0;0;0;0;10;4;0;1;6;6;16;0;0;16;0;16;0;0;17;0;0;0;0;12;0;0;4;0;0;0;12;0;0;13;0;0;0;0;3;15;7;0;0;0;14;0;8
18;0;16;0;0;0;3;7;0;0;0;0;13;0;5;18;5;19;8;5;19;14;0;15;0;0;5;0;0;0;18;3;1;13;0;0;0;3;0;19;0;6;0;14;12;0;0;0;0;0;0;2;6;0;18;13;0;15;1;0;0;0;3;17;9;0;0;0;0;10;0;0;14;0;0;14;7;0;9;0;0;0;0;12;18;12;11;0;9;0;0;0;0;0;11;0;0;0;17;18;16;0;0;0;0;0;7;0;0;0;0;0;2;0;0;0;0;0;0;13;0;0;19;0;0;19;12;0;0;0;0;0;3;0;0;10;0;9;0;7;17;0;11;7;0;0;9;0;12;0;19;0;0;0;13;8;0;0;16;0;0;7;0;15;0;19;0;0;0;3;0;0;7;0;1;0;0;0;3;9;0;0;1;0;0;8;13;0;0;0;10;0;0;16;0;10;0;0;0;0;0
0;0;0;0;18;0;0;0;0;13;12;0;3;18;2;0;7;5;18;2;6;0;0;0;0;0;0;0;0;10;0;4;0;0;6;17;0;0;16;13;11;0;0;16;19;7;8;17;1;1;0;0;0;0;0;14;0;5;12;0;10;0;14;0;6;0;0;0;7;0;0;0;3;0;1;17;0;0;0;7;0;0;0;0;0;0;0;17;0;0;0;0;0;0;12;0;0;0;0;0;0;0;0;0;0;0;4;0;1;11;0;8;17;12;0;0;0;1;1;0;12;0;15;0;0;0;6;0;0;0;18;0;6;0;0;0;14;2;0;0;5;2;0;0;0;0;0;0;18;5;0;0;0;0;17;0;0;0;0;0;0;0;0;0;12;0;0;10;0;0;0;0;0;0;0;8;19;6;0;0;9;0;9;0;19;0;0;0;0;9;16;0;1;0;0;0;5;0;14;0;10
0;0;0;5;1;6;8;0;0;17;0;0;0;0;19;0;0;0;10;9;16;6;0;0;16;7;0;0;11;18;0;0;4;3;14;0;0;0;0;0;8;18;7;0;0;0;8;0;0;12;0;0;0;0;10;6;13;0;0;0;5;0;0;0;0;12;7;7;4;0;0;0;0;0;0;0;5;6;10;0;0;13;13;18;0;0;0;12;4;4;0;0;8;0;2;18;19;0;13;0;0;0;0;0;13;0;0;8;0;0;0;7;3;0;0;0;1;0;3;6;0;0;0;1;6;0;0;0;0;5;17;0;8;11;0;10;0;11;0;0;14;15;0;7;16;18;19;0;0;17;0;11;0;9;0;0;0;8;0;0;19;0;13;0;0;0;1;0;0;18;0;9;0;0;0;3;0;0;0;7;16;8;18;0;0;0;0;0;9;0;1;0;0;19;0;0;15;0;17;0;13
12;0;0;19;0;0;0;19;0;0;3;19;0;0;3;0;16;13;5;2;2;0;0;16;15;0;0;19;0;7;0;12;0;1;0;10;0;0;0;0;0;0;0;0;0;0;15;0;10;0;3;0;0;0;0;0;9;0;0;7;8;0;17;1;11;6;1;0;0;9;0;0;6;0;0;6;0;11;0;16;0;0;3;7;0;0;0;0;0;0;12;0;0;0;0;3;0;8;0;0;0;0;17;0;13;0;0;0;0;0;0;8;4;3;0;0;0;0;18;7;14;0;0;18;0;0;0;0;0;0;0;7;0;19;5;0;0;0;17;0;0;0;0;12;10;7;0;19;0;0;12;10;0;0;0;4;0;0;0;19;0;0;0;0;0;0;0;15;2;14;12;3;0;0;0;0;0;0;10;13;0;0;0;12;14;0;0;10;16;1;0;0;3;0;0;0;4;0;0;12;16
19;0;0;0;3;0;6;0;0;0;0;5;0;0;0;0;0;17;8;17;0;19;0;5;0;8;0;19;0;15;0;0;0;12;16;1;0;0;0;0;6;0;19;0;4;0;0;15;0;0;6;0;0;0;8;7;5;6;0;0;0;0;0;9;0;0;17;0;0;9;0;16;0;0;0;0;0;0;0;13;0;2;0;9;0;0;5;0;0;0;0;14;0;12;7;10;8;18;0;0;0;8;11;0;0;8;0;0;0;0;0;14;6;0;16;0;0;5;0;6;10;6;0;16;0;0;0;0;0;10;13;15;17;0;0;7;12;0;0;0;0;0;0;0;3;14;15;0;16;0;12;9;0;0;0;2;13;9;0;19;0;0;8;0;0;11;0;13;0;8;0;0;0;0;0;5;18;0;8;14;1;4;9;0;0;0;0;0;0;0;0;0;0;0;8;0;0;13;0;4;0
0;0;12;10;0;0;0;0;17;0;0;0;0;0;6;7;0;0;4;16;0;13;0;13;1;1;14;6;19;8;0;13;0;11;0;0;16;0;8;0;0;0;8;16;0;10;6;0;9;0;0;0;8;0;0;1;0;12;0;17;4;3;4;12;8;0;9;0;0;0;0;9;14;15;0;0;0;0;18;0;16;11;0;0;0;7;9;0;0;0;0;0;0;19;13;0;15;0;0;0;14;0;4;0;0;10;5;5;5;0;15;6;0;0;0;0;0;0;15;0;0;4;3;0;0;15;5;17;11;0;0;15;1;0;4;0;15;16;0;6;9;0;0;0;0;7;0;0;0;0;5;0;0;13;12;0;7;0;0;0;0;0;16;9;12;11;0;0;0;0;0;0;9;0;0;7;4;0;13;16;14;3;0;0;0;7;3;0;1;0;3;0;0;0;0;0;0;0;0;13;11
0;0;0;2;14;4;0;0;0;0;11;0;0;5;7;0;0;0;0;0;0;3;0;7;3;15;0;0;0;0;8;0;0;14;0;0;15;0;0;3;0;0;0;0;0;0;0;0;3;6;14;0;3;6;0;0;0;0;0;0;0;0;0;17;13;6;11;6;3;0;0;0;0;17;19;0;3;0;8;0;16;19;5;3;0;0;0;11;0;1;0;0;2;19;2;0;0;3;11;0;0;6;0;0;0;1;0;6;17;7;0;6;0;19;14;14;0;0;0;15;0;0;0;0;0;13;0;7;2;16;0;3;0;7;0;6;0;10;15;15;19;3;0;0;0;8;0;0;0;5;13;0;0;0;14;0;0;16;0;0;14;0;12;12;17;0;9;0;0;0;0;13;18;19;0;0;0;19;0;13;0;13;5;0;0;3;15;16;0;19;0;0;0;0;0;17;2;3;0;15;10
16;0;16;0;12;15;0;0;12;0;0;0;0;11;4;0;0;0;4;0;0;0;0;5;0;13;11;0;0;0;0;0;16;0;11;8;0;0;0;0;0;10;8;9;0;0;12;6;0;0;2;17;0;2;0;2;0;0;11;0;4;0;0;8;0;0;0;11;0;15;0;0;0;8;0;0;1;0;0;0;0;0;0;0;4;0;0;15;0;0;0;0;16;3;0;0;0;6;1;0;14;7;8;15;0;0;0;0;0;0;2;0;12;8;0;0;0;3;10;14;14;0;6;3;0;0;0;0;0;13;13;18;0;0;17;0;0;0;12;0;8;0;0;6;0;0;0;3;0;0;7;0;0;0;5;14;0;16;0;14;0;0;0;0;0;0;3;0;12;0;0;0;19;0;0;0;0;13;6;0;0;0;5;8;0;0;7;0;0;0;0;8;0;0;0;0;0;0;0;0;4
0;0;3;10;15;0;2;0;0;0;1;0;0;19;0;0;0;0;1;0;0;0;2;1;11;18;0;11;11;0;0;0;7;0;0;0;0;3;0;0;3;1;18;0;18;0;0;8;0;8;0;0;12;17;0;1;13;0;0;0;8;0;0;0;0;2;0;0;0;0;0;10;3;15;7;7;4;0;0;14;7;0;19;11;0;19;0;0;7;10;0;0;16;0;0;5;0;16;5;0;14;0;0;18;0;0;0;0;17;0;0;0;0;0;17;4;1;0;0;0;16;0;1;0;8;0;0;0;0;0;0;0;0;3;19;0;0;0;1;0;0;0;18;8;0;0;0;0;11;0;1;1;0;0;0;11;10;0;0;0;0;0;2;15;0;0;0;0;0;0;0;0;0;0;0;0;0;0;15;9;6;0;13;0;10;0;0;10;0;0;0;0;0;17;0;0;0;15;0;15;10
15;0;0;12;13;0;0;3;14;5;19;3;0;0;0;11;10;7;10;0;0;0;0;0;0;0;0;12;3;3;0;19;0;11;0;0;10;0;0;0;0;0;10;2;14;7;0;16;11;7;8;5;0;19;0;18;0;0;0;16;0;19;0;0;0;0;0;0;7;0;0;0;7;0;0;17;0;0;0;14;17;16;0;0;0;8;0;2;0;8;1;0;8;16;0;0;0;0;0;0;0;0;0;0;6;0;13;0;0;14;0;14;0;15;0;0;3;16;4;0;9;0;0;9;19;0;10;0;0;7;0;2;0;7;0;4;0;0;0;0;0;8;0;11;0;16;3;18;15;0;0;0;14;0;3;16;0;0;13;0;0;1;0;0;0;0;0;15;2;0;2;0;5;2;0;0;18;0;0;0;0;1;10;0;4;4;0;0;5;15;4;0;0;2;0;0;0;8;0;17;19
0;2;0;11;0;18;0;16;0;0;9;0;0;0;14;0;18;0;0;0;0;0;4;9;8;0;0;15;0;0;7;2;10;0;1;0;0;0;0;0;11;4;0;0;15;6;0;0;1;14;8;0;0;0;16;0;0;0;0;1;6;0;0;0;17;0;10;19;16;4;10;0;6;13;1;2;17;0;0;6;7;0;14;0;17;0;0;5;0;0;0;0;0;2;0;11;16;15;0;5;0;3;0;18;11;7;12;5;0;0;0;0;0;0;0;0;2;0;0;0;0;16;0;0;0;0;3;0;18;11;0;0;16;0;0;2;0;0;0;17;0;0;18;2;3;0;0;0;0;0;9;18;0;18;10;0;0;0;0;17;0;0;9;0;0;1;9;0;0;0;0;8;0;7;0;0;0;0;17;18;3;0;0;0;6;0;0;0;0;0;0;13;0;3;0;15;8;0;0;0;0
0;0;15;0;0;0;0;0;0;9;16;5;0;1;2;0;0;0;18;0;0;0;0;7;0;0;0;0;0;0;0;0;17;4;7;0;11;1;0;14;0;0;0;3;0;19;8;5;0;0;13;0;0;0;0;0;19;0;0;0;0;0;17;11;4;0;0;0;0;0;0;3;0;0;0;0;2;0;0;19;0;13;0;0;0;14;16;0;0;19;0;9;0;0;0;8;4;0;0;12;0;5;17;0;7;14;15;0;16;1;0;0;15;0;10;14;10;0;0;0;11;0;12;9;15;0;0;0;0;4;12;0;7;1;0;0;0;7;13;0;0;16;18;0;0;0;3;0;0;0;0;0;0;18;0;0;0;0;0;7;1;0;1;1;0;0;0;0;4;7;0;0;0;2;7;11;0;0;0;0;18;0;0;0;0;0;14;0;14;17;0;0;0;0;0;0;0;0;0;1;4
0;18;0;0;0;0;5;18;15;19;18;0;12;3;14;0;0;0;0;0;15;0;0;0;9;0;0;7;12;0;0;7;15;0;0;6;0;8;4;1;0;19;3;13;1;8;0;0;0;0;18;19;5;0;13;4;0;3;14;1;0;0;0;12;0;0;4;0;1;0;0;12;0;15;0;14;0;19;0;0;12;11;0;0;3;0;8;0;0;0;0;11;0;16;0;0;0;18;1;11;7;0;0;0;14;7;17;0;0;16;0;14;0;0;0;0;0;0;0;0;13;0;0;19;0;0;0;0;18;9;10;0;0;9;0;0;0;0;17;2;0;0;3;13;0;0;15;0;0;8;0;0;0;9;6;0;0;6;0;0;0;0;19;11;0;0;0;0;0;0;9;0;6;19;0;10;0;6;6;12;6;3;14;0;0;0;0;0;0;0;12;4;13;15;0;15;17;0;1;0;11
10;0;14;0;0;0;5;0;2;19;0;3;0;0;0;7;0;0;9;13;10;0;0;10;16;2;0;0;13;0;5;16;5;0;0;12;14;1;0;0;0;0;0;5;0;0;4;4;0;0;0;0;16;0;0;0;0;8;0;0;0;0;0;14;7;0;0;14;0;0;19;0;0;0;3;19;0;0;16;0;9;18;5;18;19;4;0;4;8;13;0;0;4;17;0;13;0;0;0;0;0;0;16;0;0;19;0;0;0;16;0;2;18;0;6;0;9;0;0;0;0;10;0;3;0;0;0;0;18;12;14;1;6;0;0;0;0;4;4;6;0;0;0;0;9;0;0;3;17;6;15;0;0;0;12;0;0;0;0;5;0;0;0;1;10;2;0;0;0;2;19;0;8;13;0;15;13;0;13;0;16;0;0;0;0;19;8;0;10;13;16;0;11;10;4;10;19;0;4;11;0
