51
0;18;19;9;7;0;15;10;15;17;11;10;5;16;15;14;6;2;17;16;16;3;5;7;0;9;0;13;15;13;16;0;15;11;16;7;0;14;12;15;16;1;18;19;19;6;11;13;17;2;0
18;0;19;12;17;15;11;19;6;8;11;3;9;13;2;4;6;9;6;3;18;17;0;17;18;8;16;0;18;4;14;14;11;19;18;1;3;5;7;10;11;8;4;0;1;4;2;18;19;6;0
19;19;0;5;7;7;18;0;10;12;0;18;11;17;11;0;18;0;19;9;13;10;15;10;19;0;13;18;16;9;17;8;16;8;19;14;0;6;6;3;5;2;18;4;9;8;1;9;16;0;1
9;12;5;0;16;19;13;18;3;18;12;8;17;5;2;3;6;2;9;11;14;14;1;8;5;6;10;0;18;2;4;3;15;7;15;11;18;16;18;12;19;10;14;18;1;12;8;2;18;0;15
7;17;7;16;0;7;6;1;19;0;5;14;16;13;16;12;1;19;7;19;4;19;8;12;10;14;7;13;12;18;0;1;4;2;14;12;6;18;9;17;15;3;10;17;16;14;4;19;15;0;16
0;15;7;19;7;0;9;11;15;7;6;1;13;13;7;9;9;12;11;8;8;0;4;0;4;2;5;13;7;0;6;7;15;19;0;8;0;4;15;6;7;3;10;6;16;17;0;9;19;14;5
15;11;18;13;6;9;0;13;17;11;5;6;14;11;12;0;12;11;0;3;1;19;7;0;4;12;16;8;5;7;4;11;3;11;16;1;9;4;16;19;19;14;1;12;9;19;14;8;15;19;11
10;19;0;18;1;11;13;0;15;15;16;9;0;7;2;17;15;12;15;13;8;6;0;9;18;10;3;13;2;14;5;15;15;13;11;1;4;3;9;7;2;10;16;5;17;0;9;14;1;3;2
15;6;10;3;19;15;17;15;0;19;14;13;2;3;17;0;13;0;13;19;7;0;15;5;9;0;9;11;7;4;18;17;4;12;13;3;7;7;3;19;6;0;15;10;11;3;6;9;16;14;8
17;8;12;18;0;7;11;15;19;0;16;0;8;12;11;1;17;18;17;18;5;4;17;15;3;13;2;5;4;0;5;4;12;10;13;2;1;13;9;1;0;3;3;2;14;15;7;10;19;6;2
11;11;0;12;5;6;5;16;14;16;0;4;13;6;0;2;1;11;12;7;7;13;18;1;7;17;6;19;3;5;0;12;9;2;7;1;16;6;3;8;16;3;18;16;6;16;0;8;0;1;8
10;3;18;8;14;1;6;9;13;0;4;0;5;8;15;17;17;3;9;13;19;13;1;9;14;2;1;9;6;15;6;15;3;10;10;3;2;8;0;16;2;9;11;14;11;18;7;16;7;17;18
5;9;11;17;16;13;14;0;2;8;13;5;0;0;9;7;0;7;3;10;11;8;10;15;19;9;2;12;3;1;1;1;6;5;13;0;12;12;17;0;4;14;17;18;15;14;1;18;9;14;10
16;13;17;5;13;13;11;7;3;12;6;8;0;0;11;5;3;7;19;16;14;12;7;0;12;19;8;0;15;18;0;12;10;8;2;4;16;16;7;13;8;13;7;2;19;0;14;14;3;10;7
15;2;11;2;16;7;12;2;17;11;0;15;9;11;0;9;5;19;1;1;6;1;9;12;6;8;0;14;18;17;10;14;10;18;13;5;19;0;19;16;10;9;2;13;1;16;3;0;12;15;11
14;4;0;3;12;9;0;17;0;1;2;17;7;5;9;0;0;4;2;18;5;5;0;12;1;18;7;2;17;19;13;13;7;8;12;0;9;7;9;17;13;18;0;3;11;18;11;0;11;6;14
6;6;18;6;1;9;12;15;13;17;1;17;0;3;5;0;0;9;18;1;11;18;7;0;9;19;14;12;0;0;9;7;13;16;10;0;8;14;2;19;19;13;2;12;2;0;1;5;1;2;3
2;9;0;2;19;12;11;12;0;18;11;3;7;7;19;4;9;0;16;1;7;0;6;17;3;15;11;3;4;2;11;17;0;14;7;0;0;3;11;3;8;9;17;14;12;8;16;10;3;16;15
17;6;19;9;7;11;0;15;13;17;12;9;3;19;1;2;18;16;0;16;12;6;13;0;12;18;0;14;5;9;17;18;2;17;5;16;3;3;9;12;6;10;6;0;0;3;16;0;10;4;17
16;3;9;11;19;8;3;13;19;18;7;13;10;16;1;18;1;1;16;0;15;13;9;15;9;10;11;14;17;13;8;12;7;0;19;6;17;6;1;6;0;8;2;17;6;11;15;1;4;6;12
16;18;13;14;4;8;1;8;7;5;7;19;11;14;6;5;11;7;12;15;0;0;18;7;15;12;19;7;15;5;6;15;16;3;10;5;5;4;0;19;7;8;6;9;15;16;5;13;13;18;14
3;17;10;14;19;0;19;6;0;4;13;13;8;12;1;5;18;0;6;13;0;0;6;8;11;16;14;13;5;4;11;0;14;8;18;17;5;19;9;15;14;2;15;13;9;9;13;18;16;1;0
5;0;15;1;8;4;7;0;15;17;18;1;10;7;9;0;7;6;13;9;18;6;0;1;9;2;14;2;19;8;19;9;5;3;18;14;0;18;0;13;1;8;0;10;14;12;8;1;17;9;9
7;17;10;8;12;0;0;9;5;15;1;9;15;0;12;12;0;17;0;15;7;8;1;0;1;12;13;19;4;0;1;12;5;2;8;15;1;5;9;17;6;0;16;9;17;1;17;18;16;16;18
0;18;19;5;10;4;4;18;9;3;7;14;19;12;6;1;9;3;12;9;15;11;9;1;0;3;3;7;19;11;16;0;10;9;13;14;0;13;13;10;0;16;9;1;0;14;11;14;3;5;16
9;8;0;6;14;2;12;10;0;13;17;2;9;19;8;18;19;15;18;10;12;16;2;12;3;0;7;16;9;11;11;12;17;3;5;4;0;13;6;18;14;8;13;8;3;0;3;6;17;3;18
0;16;13;10;7;5;16;3;9;2;6;1;2;8;0;7;14;11;0;11;19;14;14;13;3;7;0;19;12;12;6;10;17;15;12;6;16;4;12;2;0;7;6;10;3;14;8;8;14;8;9
13;0;18;0;13;13;8;13;11;5;19;9;12;0;14;2;12;3;14;14;7;13;2;19;7;16;19;0;10;3;13;0;0;4;5;8;5;8;19;19;14;5;7;1;8;2;15;15;16;3;0
15;18;16;18;12;7;5;2;7;4;3;6;3;15;18;17;0;4;5;17;15;5;19;4;19;9;12;10;0;9;1;14;12;4;17;14;14;19;7;12;13;2;0;11;7;6;9;1;2;19;1
13;4;9;2;18;0;7;14;4;0;5;15;1;18;17;19;0;2;9;13;5;4;8;0;11;11;12;3;9;0;15;13;14;12;15;3;6;17;0;19;4;3;9;6;15;4;2;8;17;14;6
16;14;17;4;0;6;4;5;18;5;0;6;1;0;10;13;9;11;17;8;6;11;19;1;16;11;6;13;1;15;0;0;9;19;18;18;2;8;2;3;6;18;5;19;10;7;3;17;6;17;15
0;14;8;3;1;7;11;15;17;4;12;15;1;12;14;13;7;17;18;12;15;0;9;12;0;12;10;0;14;13;0;0;9;19;19;8;13;5;18;8;0;1;8;13;13;15;0;11;9;17;4
15;11;16;15;4;15;3;15;4;12;9;3;6;10;10;7;13;0;2;7;16;14;5;5;10;17;17;0;12;14;9;9;0;16;0;7;13;7;17;2;0;5;1;10;10;12;18;4;17;1;6
11;19;8;7;2;19;11;13;12;10;2;10;5;8;18;8;16;14;17;0;3;8;3;2;9;3;15;4;4;12;19;19;16;0;3;10;1;11;7;1;10;0;14;0;9;10;16;9;0;11;17
16;18;19;15;14;0;16;11;13;13;7;10;13;2;13;12;10;7;5;19;10;18;18;8;13;5;12;5;17;15;18;19;0;3;0;18;14;0;6;19;5;3;19;7;11;10;17;11;14;0;16
7;1;14;11;12;8;1;1;3;2;1;3;0;4;5;0;0;0;16;6;5;17;14;15;14;4;6;8;14;3;18;8;7;10;18;0;14;18;3;2;14;1;15;19;11;7;9;1;15;4;2
0;3;0;18;6;0;9;4;7;1;16;2;12;16;19;9;8;0;3;17;5;5;0;1;0;0;16;5;14;6;2;13;13;1;14;14;0;16;7;0;4;9;4;16;18;0;3;12;19;0;9
14;5;6;16;18;4;4;3;7;13;6;8;12;16;0;7;14;3;3;6;4;19;18;5;13;13;4;8;19;17;8;5;7;11;0;18;16;0;0;3;5;7;18;19;4;6;1;0;0;7;14
12;7;6;18;9;15;16;9;3;9;3;0;17;7;19;9;2;11;9;1;0;9;0;9;13;6;12;19;7;0;2;18;17;7;6;3;7;0;0;0;6;5;16;13;6;2;1;7;0;13;9
15;10;3;12;17;6;19;7;19;1;8;16;0;13;16;17;19;3;12;6;19;15;13;17;10;18;2;19;12;19;3;8;2;1;19;2;0;3;0;0;0;4;2;8;19;12;18;7;16;9;14
16;11;5;19;15;7;19;2;6;0;16;2;4;8;10;13;19;8;6;0;7;14;1;6;0;14;0;14;13;4;6;0;0;10;5;14;4;5;6;0;0;18;11;5;5;12;16;0;16;6;12
1;8;2;10;3;3;14;10;0;3;3;9;14;13;9;18;13;9;10;8;8;2;8;0;16;8;7;5;2;3;18;1;5;0;3;1;9;7;5;4;18;0;13;17;1;15;10;0;0;2;10
18;4;18;14;10;10;1;16;15;3;18;11;17;7;2;0;2;17;6;2;6;15;0;16;9;13;6;7;0;9;5;8;1;14;19;15;4;18;16;2;11;13;0;9;0;7;6;8;8;16;5
19;0;4;18;17;6;12;5;10;2;16;14;18;2;13;3;12;14;0;17;9;13;10;9;1;8;10;1;11;6;19;13;10;0;7;19;16;19;13;8;5;17;9;0;19;5;10;16;12;17;8
19;1;9;1;16;16;9;17;11;14;6;11;15;19;1;11;2;12;0;6;15;9;14;17;0;3;3;8;7;15;10;13;10;9;11;11;18;4;6;19;5;1;0;19;0;9;11;15;6;6;15
6;4;8;12;14;17;19;0;3;15;16;18;14;0;16;18;0;8;3;11;16;9;12;1;14;0;14;2;6;4;7;15;12;10;10;7;0;6;2;12;12;15;7;5;9;0;0;18;17;7;7
11;2;1;8;4;0;14;9;6;7;0;7;1;14;3;11;1;16;16;15;5;13;8;17;11;3;8;15;9;2;3;0;18;16;17;9;3;1;1;18;16;10;6;10;11;0;0;14;17;17;18
13;18;9;2;19;9;8;14;9;10;8;16;18;14;0;0;5;10;0;1;13;18;1;18;14;6;8;15;1;8;17;11;4;9;11;1;12;0;7;7;0;0;8;16;15;18;14;0;0;14;1
17;19;16;18;15;19;15;1;16;19;0;7;9;3;12;11;1;3;10;4;13;16;17;16;3;17;14;16;2;17;6;9;17;0;14;15;19;0;0;16;16;0;8;12;6;17;17;0;0;15;9
2;6;0;0;0;14;19;3;14;6;1;17;14;10;15;6;2;16;4;6;18;1;9;16;5;3;8;3;19;14;17;17;1;11;0;4;0;7;13;9;6;2;16;17;6;7;17;14;15;0;7
0;0;1;15;16;5;11;2;8;2;8;18;10;7;11;14;3;15;17;12;14;0;9;18;16;18;9;0;1;6;15;4;6;17;16;2;9;14;9;14;12;10;5;8;15;7;18;1;9;7;0
