51
0;17;8;0;9;19;11;14;18;11;8;11;5;9;4;15;9;10;7;14;0;2;11;14;2;11;4;0;3;13;5;17;15;14;13;10;10;0;1;18;8;6;2;4;11;18;14;8;13;0;0
17;0;12;2;5;1;18;3;16;6;10;6;6;13;4;0;14;5;0;0;13;14;9;10;15;0;17;5;1;10;10;6;8;19;18;11;9;9;12;13;4;3;2;1;8;12;0;7;14;2;6
8;12;0;19;11;8;7;2;5;19;15;17;7;14;1;15;17;0;11;9;13;18;19;3;0;17;4;4;5;10;11;19;11;5;10;3;6;0;8;3;0;15;6;7;14;9;5;11;10;3;7
0;2;19;0;14;6;11;10;8;11;14;3;17;13;1;0;14;0;17;18;11;11;17;13;16;2;4;5;2;6;4;4;1;15;4;7;10;11;3;0;13;6;2;12;10;4;4;5;18;17;17
9;5;11;14;0;15;0;3;0;4;12;5;3;0;2;4;14;4;1;2;6;5;19;18;0;19;0;13;8;10;7;0;13;9;18;12;15;8;7;4;17;15;14;3;6;18;14;6;11;14;1
19;1;8;6;15;0;15;4;10;7;15;16;10;0;5;2;8;0;12;10;7;11;4;10;9;4;9;8;4;0;1;4;10;0;2;11;4;18;12;3;15;15;15;15;11;11;1;9;4;17;17
11;18;7;11;0;15;0;17;14;1;6;12;11;6;19;8;13;12;19;14;10;10;10;19;15;0;3;4;2;14;6;0;16;19;0;11;3;6;3;0;15;10;7;10;0;17;0;0;17;18;14
14;3;2;10;3;4;17;0;0;9;7;14;8;5;0;4;0;18;16;14;3;18;17;13;0;14;7;11;19;13;8;14;14;10;14;6;5;13;4;4;10;15;14;11;12;3;16;6;0;16;19
18;16;5;8;0;10;14;0;0;15;15;7;0;2;13;18;13;5;10;17;12;0;12;0;18;10;9;6;3;0;9;14;12;9;11;6;13;4;4;14;18;6;5;6;17;8;19;2;2;9;4
11;6;19;11;4;7;1;9;15;0;4;0;5;14;17;10;17;0;8;10;10;10;9;4;18;7;3;3;7;0;2;18;4;16;13;8;13;19;11;15;7;13;15;15;12;7;0;0;9;18;3
8;10;15;14;12;15;6;7;15;4;0;19;14;0;2;0;18;14;15;10;3;19;12;4;7;2;6;5;11;11;1;13;14;18;14;13;17;11;10;2;19;4;16;17;19;10;13;3;17;2;19
11;6;17;3;5;16;12;14;7;0;19;0;12;15;14;18;9;18;3;14;15;5;7;19;19;12;7;11;15;9;2;3;15;11;17;7;9;11;3;15;13;1;7;18;9;13;13;6;18;6;6
5;6;7;17;3;10;11;8;0;5;14;12;0;13;4;8;2;17;11;12;10;15;0;16;15;7;2;11;15;1;8;2;0;12;18;18;10;14;6;11;9;6;6;5;1;7;4;4;15;13;2
9;13;14;13;0;0;6;5;2;14;0;15;13;0;15;18;0;6;4;2;8;19;4;12;2;18;2;15;19;0;1;3;10;4;16;12;5;16;9;1;10;12;1;2;11;17;10;17;1;10;12
4;4;1;1;2;5;19;0;13;17;2;14;4;15;0;19;12;14;8;13;12;15;8;0;1;12;17;19;19;17;17;16;7;13;18;15;17;12;9;0;3;3;0;8;12;0;14;12;16;8;8
15;0;15;0;4;2;8;4;18;10;0;18;8;18;19;0;14;7;13;5;5;13;2;10;0;12;0;14;0;15;8;0;5;19;16;1;12;3;8;1;12;9;1;3;10;13;7;18;0;2;10
9;14;17;14;14;8;13;0;13;17;18;9;2;0;12;14;0;2;16;9;11;19;16;9;0;5;7;12;9;0;15;7;13;8;16;0;18;5;18;9;2;1;16;1;3;11;17;19;0;16;6
10;5;0;0;4;0;12;18;5;0;14;18;17;6;14;7;2;0;7;19;4;3;15;18;15;13;2;19;3;0;4;4;3;0;6;3;14;1;14;13;5;6;4;13;2;4;15;13;8;5;1
7;0;11;17;1;12;19;16;10;8;15;3;11;4;8;13;16;7;0;3;7;2;16;11;9;15;18;5;18;16;9;5;1;15;5;0;3;1;10;13;9;17;12;18;0;7;19;9;10;18;10
14;0;9;18;2;10;14;14;17;10;10;14;12;2;13;5;9;19;3;0;10;11;18;5;0;17;16;13;5;0;13;8;11;2;12;11;6;3;3;7;0;3;17;0;0;9;9;5;11;18;4
0;13;13;11;6;7;10;3;12;10;3;15;10;8;12;5;11;4;7;10;0;17;6;17;7;6;19;0;0;18;4;3;10;11;5;4;17;15;0;0;10;19;2;1;12;18;10;3;3;15;9
2;14;18;11;5;11;10;18;0;10;19;5;15;19;15;13;19;3;2;11;17;0;0;13;4;5;9;12;11;9;2;19;7;5;18;10;11;16;4;10;14;6;13;2;14;12;0;11;3;5;14
11;9;19;17;19;4;10;17;12;9;12;7;0;4;8;2;16;15;16;18;6;0;0;11;4;8;0;16;9;13;17;7;8;13;2;10;15;2;0;15;6;14;13;4;1;1;9;6;7;18;18
14;10;3;13;18;10;19;13;0;4;4;19;16;12;0;10;9;18;11;5;17;13;11;0;10;4;0;9;9;19;11;16;16;5;15;17;12;15;2;0;13;9;8;9;10;9;17;13;1;14;4
2;15;0;16;0;9;15;0;18;18;7;19;15;2;1;0;0;15;9;0;7;4;4;10;0;13;13;12;3;7;2;0;2;0;15;7;9;16;14;3;11;11;12;18;15;11;16;5;1;17;7
11;0;17;2;19;4;0;14;10;7;2;12;7;18;12;12;5;13;15;17;6;5;8;4;13;0;10;8;1;6;1;0;19;10;17;16;5;6;10;16;1;18;16;4;17;9;1;11;7;12;12
4;17;4;4;0;9;3;7;9;3;6;7;2;2;17;0;7;2;18;16;19;9;0;0;13;10;0;8;2;0;0;5;15;4;1;12;17;19;15;8;8;11;1;13;18;17;13;16;18;16;9
0;5;4;5;13;8;4;11;6;3;5;11;11;15;19;14;12;19;5;13;0;12;16;9;12;8;8;0;0;18;7;19;0;7;3;15;19;10;1;10;4;15;17;0;0;17;12;10;19;0;1
3;1;5;2;8;4;2;19;3;7;11;15;15;19;19;0;9;3;18;5;0;11;9;9;3;1;2;0;0;5;3;0;2;10;15;0;17;17;14;5;7;13;18;14;5;2;14;4;9;18;0
13;10;10;6;10;0;14;13;0;0;11;9;1;0;17;15;0;0;16;0;18;9;13;19;7;6;0;18;5;0;0;8;16;12;7;12;14;15;2;0;6;6;7;18;4;17;19;16;17;4;12
5;10;11;4;7;1;6;8;9;2;1;2;8;1;17;8;15;4;9;13;4;2;17;11;2;1;0;7;3;0;0;15;9;5;2;15;17;13;17;8;1;14;6;12;13;5;17;6;3;0;8
17;6;19;4;0;4;0;14;14;18;13;3;2;3;16;0;7;4;5;8;3;19;7;16;0;0;5;19;0;8;15;0;9;17;4;18;4;10;17;2;17;19;2;0;18;16;18;19;14;2;0
15;8;11;1;13;10;16;14;12;4;14;15;0;10;7;5;13;3;1;11;10;7;8;16;2;19;15;0;2;16;9;9;0;1;4;6;2;16;8;14;10;15;18;7;0;10;0;2;14;3;2
14;19;5;15;9;0;19;10;9;16;18;11;12;4;13;19;8;0;15;2;11;5;13;5;0;10;4;7;10;12;5;17;1;0;13;13;0;14;0;9;3;12;18;0;0;1;4;11;2;7;0
13;18;10;4;18;2;0;14;11;13;14;17;18;16;18;16;16;6;5;12;5;18;2;15;15;17;1;3;15;7;2;4;4;13;0;16;3;3;11;15;4;9;18;14;0;14;1;11;15;8;16
10;11;3;7;12;11;11;6;6;8;13;7;18;12;15;1;0;3;0;11;4;10;10;17;7;16;12;15;0;12;15;18;6;13;16;0;7;0;18;9;9;1;10;5;10;6;0;8;9;15;3
10;9;6;10;15;4;3;5;13;13;17;9;10;5;17;12;18;14;3;6;17;11;15;12;9;5;17;19;17;14;17;4;2;0;3;7;0;14;0;8;5;14;17;14;16;0;0;8;4;8;5
0;9;0;11;8;18;6;13;4;19;11;11;14;16;12;3;5;1;1;3;15;16;2;15;16;6;19;10;17;15;13;10;16;14;3;0;14;0;19;14;17;2;17;1;13;3;13;7;15;0;19
1;12;8;3;7;12;3;4;4;11;10;3;6;9;9;8;18;14;10;3;0;4;0;2;14;10;15;1;14;2;17;17;8;0;11;18;0;19;0;14;18;9;14;3;2;10;12;16;13;13;8
18;13;3;0;4;3;0;4;14;15;2;15;11;1;0;1;9;13;13;7;0;10;15;0;3;16;8;10;5;0;8;2;14;9;15;9;8;14;14;0;16;0;7;3;18;0;13;12;11;13;17
8;4;0;13;17;15;15;10;18;7;19;13;9;10;3;12;2;5;9;0;10;14;6;13;11;1;8;4;7;6;1;17;10;3;4;9;5;17;18;16;0;17;8;11;4;16;14;0;16;0;13
6;3;15;6;15;15;10;15;6;13;4;1;6;12;3;9;1;6;17;3;19;6;14;9;11;18;11;15;13;6;14;19;15;12;9;1;14;2;9;0;17;0;9;2;15;6;3;7;1;2;16
2;2;6;2;14;15;7;14;5;15;16;7;6;1;0;1;16;4;12;17;2;13;13;8;12;16;1;17;18;7;6;2;18;18;18;10;17;17;14;7;8;9;0;4;15;19;6;18;5;18;4
4;1;7;12;3;15;10;11;6;15;17;18;5;2;8;3;1;13;18;0;1;2;4;9;18;4;13;0;14;18;12;0;7;0;14;5;14;1;3;3;11;2;4;0;3;1;15;13;9;16;5
11;8;14;10;6;11;0;12;17;12;19;9;1;11;12;10;3;2;0;0;12;14;1;10;15;17;18;0;5;4;13;18;0;0;0;10;16;13;2;18;4;15;15;3;0;3;4;5;0;11;13
18;12;9;4;18;11;17;3;8;7;10;13;7;17;0;13;11;4;7;9;18;12;1;9;11;9;17;17;2;17;5;16;10;1;14;6;0;3;10;0;16;6;19;1;3;0;15;0;6;12;4
14;0;5;4;14;1;0;16;19;0;13;13;4;10;14;7;17;15;19;9;10;0;9;17;16;1;13;12;14;19;17;18;0;4;1;0;0;13;12;13;14;3;6;15;4;15;0;8;10;8;18
8;7;11;5;6;9;0;6;2;0;3;6;4;17;12;18;19;13;9;5;3;11;6;13;5;11;16;10;4;16;6;19;2;11;11;8;8;7;16;12;0;7;18;13;5;0;8;0;14;4;16
13;14;10;18;11;4;17;0;2;9;17;18;15;1;16;0;0;8;10;11;3;3;7;1;1;7;18;19;9;17;3;14;14;2;15;9;4;15;13;11;16;1;5;9;0;6;10;14;0;16;7
0;2;3;17;14;17;18;16;9;18;2;6;13;10;8;2;16;5;18;18;15;5;18;14;17;12;16;0;18;4;0;2;3;7;8;15;8;0;13;13;0;2;18;16;11;12;8;4;16;0;5
0;6;7;17;1;17;14;19;4;3;19;6;2;12;8;10;6;1;10;4;9;14;18;4;7;12;9;1;0;12;8;0;2;0;16;3;5;19;8;17;13;16;4;5;13;4;18;16;7;5;0
