1 0 152
2 0 26
3 0 1
4 0 3
5 0 160
6 0 111
7 0 0
8 0 25
9 0 184
10 0 115
11 0 82
12 0 33
13 0 101
14 0 174
15 0 29
16 0 33
17 0 100
18 0 133
19 0 155
20 0 112
21 0 125
22 0 70
23 0 120
24 0 1
25 0 1
26 0 36
27 0 172
28 0 69
29 0 25
30 0 180
31 0 37
32 0 134
33 0 86
34 0 45
35 0 85
36 0 56
37 0 29
38 0 63
39 0 25
40 0 18
41 0 11
42 0 10
43 0 143
44 0 194
45 0 3
46 0 146
47 0 158
48 0 90
49 0 21
50 0 164
51 0 187
52 0 63
53 0 128
54 0 77
55 0 2
56 0 53
57 0 55
58 0 111
59 0 136
60 0 25
61 0 103
62 0 145
63 0 80
64 0 17
65 0 97
66 0 29
67 0 168
68 0 178
69 0 2
70 0 169
71 0 173
72 0 153
73 0 70
74 0 151
75 0 164
76 0 90
77 0 110
78 0 173
79 0 0
80 0 106
81 0 89
82 0 113
83 0 96
84 0 32
85 0 109
86 0 173
87 0 182
88 0 183
89 0 42
90 0 127
91 0 48
92 0 108
93 0 137
94 0 156
95 0 74
96 0 127
97 0 7
98 0 182
99 0 186
100 0 20
