74 0 164
14 0 114
23 0 178
51 0 189
84 0 78
30 0 145
88 0 148
58 0 62
18 0 58
51 0 610
29 0 175
90 0 182
3 0 119
14 0 489
2 0 163
75 0 191
64 0 162
84 0 399
85 0 22
45 0 157
74 0 480
98 0 150
18 0 419
82 0 21
73 0 61
97 0 73
60 0 92
81 0 26
18 0 906
87 0 24
11 0 112
6 0 55
52 0 174
42 0 55
24 0 63
67 0 66
68 0 78
37 0 58
85 0 372
65 0 145
45 0 471
4 0 146
35 0 93
65 0 496
7 0 116
4 0 582
45 0 806
47 0 94
67 0 460
3 0 614
3 0 1104
22 0 87
63 0 180
30 0 586
65 0 796
29 0 558
4 0 1067
29 0 872
20 0 52
69 0 103
12 0 48
56 0 197
81 0 371
58 0 395
18 0 1404
75 0 619
39 0 39
92 0 4
27 0 144
39 0 355
67 0 792
37 0 431
90 0 510
71 0 141
89 0 63
5 0 66
42 0 372
85 0 741
99 0 104
11 0 521
73 0 489
42 0 700
35 0 551
48 0 188
97 0 424
94 0 80
34 0 147
70 0 23
51 0 935
74 0 792
96 0 49
60 0 469
85 0 1041
47 0 568
73 0 922
78 0 1
26 0 170
30 0 909
63 0 544
47 0 937
