1 79r53r27 4
2 79r155 3
3 0 4
4 14 3
5 14r139r41 4
6 0 4
7 79r76r90 4
8 23r51 3
9 23r44 3
10 79r111 4
11 0 3
12 107r57r81 4
13 16r82 4
14 0 1
15 79r155 3
16 0 2
17 23 3
18 79r53 4
19 79r155 3
20 79r170 4
21 79r76r172 4
22 23r142r167r26 5
23 0 1
24 23r44 3
25 14r99 4
26 23r142r167 4
27 79r53 3
28 23r142 3
29 23 3
30 0 3
31 107r195 4
32 23r128 4
33 85 3
34 16r117 5
35 85r134 3
36 85 3
37 79r155 5
38 23r200 3
39 79r170 5
40 23r44 3
41 14r139 3
42 85r134r66 4
43 85 4
44 23 2
45 23 4
46 79r53r27 4
47 79r170 3
48 107r57r81 4
49 23r200 4
50 85r118 4
51 23 2
52 23r142 4
53 79 2
54 23r51 5
55 107 3
56 85 2
57 107 2
58 23 3
59 23 4
60 79r170r47 4
61 79r155r166 4
62 23r142r167 4
63 107 3
64 23r44r186 4
65 79r76r172 4
66 85r134 3
67 107r181 4
68 79r111r194 4
69 85r56r178 4
70 85 4
71 23r44 3
72 107 5
73 95 4
74 23r142 3
75 85r134 4
76 79 2
77 79r132 4
78 23 3
79 0 1
80 23r128 3
81 107r57 3
82 16 3
83 79r155 4
84 23 3
85 0 1
86 79r155 3
87 79r111 3
88 16 3
89 107r57 3
90 79r76 3
91 23r44r186 5
92 23r44 3
93 79r170 3
94 85r134r66 4
95 0 3
96 85r56 3
97 23r142 3
98 85r169 4
99 14 2
100 0 3
101 85r56r136 4
102 23r142r28 4
103 14r4 4
104 14r99r180 4
105 23r44 3
106 79r76 4
107 0 1
108 23r142r167 4
109 79r170 4
110 79r111r145 4
111 79 2
112 23 4
113 23 3
114 14 5
115 107r181 4
116 23r44r138 4
117 16 4
118 85 2
119 107 4
120 79r111r194 4
121 85r169 4
122 85r56 3
123 79r155 3
124 85 4
125 79r76 3
126 85 4
127 0 4
128 23 2
129 0 4
130 79r53 3
131 23r142 4
132 79 3
133 16 4
134 85 2
135 107r196 4
136 85r56 3
137 23r44r40 4
138 23r44 3
139 14 2
140 79r111r194 4
141 79r155r2 4
142 23 2
143 23r44r24 4
144 23r44r182 4
145 79r111 3
146 79r76r172 4
147 79 2
148 79r76r125 4
149 79r147 4
150 23r142r167 4
151 23r200 4
152 85r134r35 4
153 107r57r81 4
154 107r181 4
155 79 2
156 79r53 3
157 85r118 4
158 23r142r74 4
159 23r142r167 4
160 23r44 4
161 23 4
162 23r142r97 4
163 11 4
164 23r44r138 4
165 191 5
166 79r155 3
167 23r142 3
168 79r147 4
169 85 3
170 79 2
171 79r76r125 4
172 79r76 3
173 107r57 3
174 14r139 4
175 23 4
176 23r44r105 4
177 23r51 3
178 85r56 3
179 79r155 3
180 14r99 3
181 107 3
182 23r44 3
183 23r44r182 4
184 79r53r130 5
185 107r57 3
186 23r44 3
187 85r56r178 5
188 23r128r80 4
189 0 4
190 191 4
191 0 3
192 85r134 4
193 23r44r9 5
194 79r111 3
195 107 2
196 107 3
197 107r57 3
198 23r200 3
199 14 4
200 23 2
